3
1000 154 231
0.000150844 -5.99466e-06 3.0245e-06 
0.000103597 2.5e-06 1.6464e-05 
0.000129559 -1.14248e-05 -2.5e-06 
2.1833e-05 8.98917e-06 -5.84392e-06 
0.000138086 -2.31269e-07 -2.88419e-05 
0.000131535 2.13485e-05 2.5e-06 
0.000150844 -2.44309e-05 1.24225e-05 
9.91774e-05 1.96947e-05 -2.5e-06 
0.00011116 -2.88334e-06 1.03292e-05 
0.000150844 -9.044250000000001e-06 -2.31235e-05 
1.2033e-05 -5.93813e-06 8.92817e-06 
3.63369e-05 -1.70528e-06 -1.05859e-05 
0.000142113 1.65794e-05 -2.5e-06 
8.63303e-05 -3.3528e-06 1.01857e-05 
3.6312e-05 7.62145e-06 -7.54165e-06 
9.94744e-05 -1.0382e-05 2.68577e-06 
0.000150844 -2.1351e-05 -9.539790000000001e-06 
0.000123657 -2.5e-06 -2.34457e-05 
1.78228e-05 3.15619e-06 -1.02466e-05 
8.68311e-05 2.5e-06 -2.06427e-05 
0.000142517 -6.15056e-06 9.79405e-06 
8.02651e-05 -1.00088e-05 3.84467e-06 
0.000150844 2.01749e-05 2.2918e-05 
0.000144786 -7.86425e-06 1.33663e-05 
0.000132918 -2.5e-06 2.7286e-05 
9.048589999999999e-05 2.5e-06 1.07813e-05 
0.000144844 -1.56645e-06 3.37575e-05 
0.000108513 -1.5377e-05 2.5e-06 
0.000149194 -1.75639e-06 3.3944e-05 
0.000150844 -6.98126e-06 -1.57225e-05 
0.000135835 2.08884e-05 2.5e-06 
0.000144844 2.09331e-05 2.35881e-05 
0.000110571 1.27566e-05 2.5e-06 
0.000150844 -3.11769e-06 1.61404e-05 
0.000150844 1.68617e-05 2.86387e-05 
0.000126723 2.5e-06 -2.49757e-05 
0.000142139 -2.9435e-05 1.93426e-06 
8.83181e-05 2.5e-06 1.77944e-05 
0.000150844 -3.2651e-05 -6.51449e-06 
8.350620000000001e-06 -1.06547e-05 1.20257e-06 
0.000150844 -4.47419e-06 7.11886e-06 
7.38377e-05 -6.01232e-06 8.87742e-06 
4.80903e-05 1.06155e-05 1.51396e-06 
9.14041e-06 -8.759299999999999e-06 6.18342e-06 
0.000144939 -1.45396e-05 3.0724e-05 
0.000144844 2.43306e-05 -2.21679e-05 
0.00013013 2.66365e-05 2.5e-06 
0.000148793 -1.64428e-05 -2.97488e-05 
5.2998e-05 -7.73014e-06 -7.43022e-06 
0.000109363 -2.5e-06 1.38044e-05 
8.01448e-05 2.5e-06 1.72036e-05 
0.000111137 -1.11007e-05 2.5e-06 
7.055349999999999e-05 8.18647e-06 6.9277e-06 
0.000150844 -3.12126e-05 1.33361e-05 
0.000131532 1.14665e-05 2.5e-06 
9.541300000000001e-07 -9.81785e-06 4.30959e-06 
0.000147074 -1.21756e-05 3.17383e-05 
0.000146726 -2.30392e-05 -2.49896e-05 
0.000130988 -2.63096e-05 -2.5e-06 
0.000150844 -8.151639999999999e-06 5.16914e-06 
0.000144844 9.688299999999999e-07 3.06076e-05 
8.308420000000001e-05 -2.5e-06 1.07938e-05 
1.33037e-05 -7.5711e-06 7.59344e-06 
0.000144844 1.61459e-05 1.3661e-05 
0.000144844 2.41801e-05 1.85188e-05 
0.000126903 1.02147e-05 -3.26115e-06 
1.83371e-05 -5.74004e-06 9.057110000000001e-06 
0.000138587 2.5e-06 -2.04291e-05 
0.000113314 -1.56073e-05 2.5e-06 
0.000148284 -2.94821e-05 -1.69147e-05 
7.59044e-05 -3.15941e-07 1.97421e-05 
7.73828e-05 -1.89452e-05 2.5e-06 
0.000111403 -2.5e-06 1.28463e-05 
0.000103059 1.30894e-05 -2.5e-06 
0.000115279 1.23408e-05 2.5e-06 
0.000131767 -2.00131e-06 2.79172e-05 
8.33514e-05 -1.84693e-05 -2.5e-06 
3.6216e-05 1.06127e-05 1.53651e-06 
6.55129e-05 1.02528e-05 -3.14735e-06 
9.75767e-05 -9.682110000000001e-06 -4.61002e-06 
0.000128731 2.5e-06 1.061e-05 
0.000128552 -1.16389e-05 -2.5e-06 
0.000146493 2.03103e-05 1.70954e-05 
0.000150844 2.04187e-05 1.62464e-05 
0.000110857 -2.5e-06 1.1445e-05 
0.000145948 -1.97309e-05 2.7684e-05 
0.000100248 -1.63634e-05 2.5e-06 
0.000111301 2.5e-06 -2.20367e-05 
0.000150844 -9.101350000000001e-06 1.75403e-06 
0.000132918 2.5e-06 1.82082e-05 
0.000125911 2.5e-06 2.37015e-05 
0.000139472 1.47806e-06 -2.90448e-05 
0.000131767 -2.65512e-05 -2.5e-06 
0.000148892 1.65742e-05 2.96774e-05 
0.000149403 7.58597e-06 -3.31421e-05 
0.000105735 2.00689e-05 2.5e-06 
1.11945e-05 -5.82732e-06 -9.003010000000001e-06 
0.000112235 2.5e-06 1.56587e-05 
1.68514e-05 9.22704e-07 1.06827e-05 
0.000128443 -6.65534e-06 -8.40953e-06 
6.836529999999999e-05 7.657670000000001e-06 -7.5044e-06 
6.804989999999999e-05 -1.9766e-06 1.85927e-05 
0.000144844 -3.04961e-05 -6.42783e-06 
0.000137178 1.32628e-05 2.5e-06 
7.524370000000001e-05 -2.5e-06 1.37645e-05 
0.000150575 -1.99142e-05 1.96726e-05 
0.000130826 5.46218e-06 -9.22751e-06 
3.87686e-05 -7.922769999999999e-06 7.22641e-06 
5.05469e-05 7.48254e-06 -7.68275e-06 
0.000150844 3.75536e-06 -3.15742e-05 
0.000143186 1.60471e-05 2.5e-06 
0.000150844 -4.26988e-06 -2.34374e-05 
9.69244e-05 1.38465e-05 2.5e-06 
5.80716e-05 -5.68653e-06 9.08993e-06 
0.00011834 -2.59522e-05 1.10824e-06 
0.000148978 3.13845e-05 -1.30714e-05 
0.000150844 -1.26221e-05 -9.48653e-06 
-1.52588e-12 5.19491e-06 -8.99574e-06 
0.000129703 2.5e-06 2.50678e-05 
0.000120681 2.08838e-05 2.5e-06 
0.000141387 -2.5e-06 2.65177e-05 
2.809e-05 -5.25194e-06 -9.348600000000001e-06 
0.000133927 -2.28972e-05 -2.5e-06 
9.5568e-05 -1.86111e-05 2.5e-06 
3.45226e-05 1.02237e-05 3.23621e-06 
0.000116922 1.04032e-05 2.60189e-06 
2.22772e-05 -8.55964e-06 6.46204e-06 
9.68292e-05 -2.5e-06 1.56357e-05 
0.000122422 8.92084e-06 -5.95008e-06 
9.16278e-05 -7.895599999999999e-06 -7.25627e-06 
5.60575e-05 -6.78407e-06 -8.30336e-06 
0.000150844 -1.47838e-06 2.66628e-05 
5.17987e-05 1.57099e-06 1.06059e-05 
0.000121633 -1.77298e-05 -2.5e-06 
7.99139e-05 2.5e-06 -1.79393e-05 
0.000121877 1.75118e-06 2.64698e-05 
0.000144844 1.9599e-05 2.61664e-05 
0.000144844 -2.48107e-05 1.13333e-05 
5.48054e-05 -3.06652e-06 -1.02741e-05 
0.000144844 -2.76657e-05 1.87988e-05 
1.99162e-05 2.70179e-06 -1.03758e-05 
0.000142842 -4.51255e-06 1.10002e-05 
4.56089e-05 -8.99826e-06 -5.82971e-06 
0.00011872 2.5e-06 -1.04421e-05 
0.000102869 -1.14634e-05 2.5e-06 
0.000127813 -1.82635e-05 2.5e-06 
0.000144844 -1.7447e-05 4.40754e-06 
0.000150844 1.78938e-05 -2.48512e-07 
1.2926e-05 7.098109999999999e-07 1.06999e-05 
0.000128312 -3.90441e-06 -9.989009999999999e-06 
0.000105323 3.62553e-06 -1.00903e-05 
4.58045e-05 1.07232e-05 8.418690000000001e-08 
4.62667e-05 9.512379999999999e-06 4.94681e-06 
0.000144844 2.06967e-05 2.16951e-05 
0.000150844 1.54098e-05 6.17455e-06 
0.000143128 2.24399e-05 -2.5e-06 
3.09116e-05 9.053359999999999e-06 5.74468e-06 
1.12181e-05 -7.3675e-06 7.78983e-06 
0.000121743 -2.13052e-05 2.5e-06 
0.000145007 -3.34287e-05 6.15653e-06 
0.000118687 1.08833e-05 -2.5e-06 
0.000144844 2.85128e-05 1.3806e-05 
0.000126933 1.87904e-05 -2.5e-06 
1.86394e-05 9.02194e-06 5.79316e-06 
0.000118734 -2.5e-06 1.31501e-05 
0.000103975 2.5e-06 -2.09048e-05 
8.70506e-05 2.5e-06 1.67385e-05 
0.000118326 2.5e-06 -1.82361e-05 
0.000150844 7.672510000000001e-06 2.52236e-05 
0.000144844 -1.27042e-05 1.76461e-05 
6.38807e-06 -5.13487e-06 9.41209e-06 
8.14254e-05 5.71143e-06 -9.07466e-06 
0.000120177 -1.47911e-06 -2.6221e-05 
6.900150000000001e-05 -1.07547e-06 -1.87319e-05 
0.000140413 2.5e-06 2.78881e-05 
9.91301e-05 9.86036e-06 -4.21499e-06 
9.920999999999999e-05 9.874240000000001e-06 4.18597e-06 
8.65871e-05 -1.85099e-05 2.5e-06 
0.0001321 -2.5e-06 -2.51388e-05 
0.000115751 1.78911e-05 2.5e-06 
0.000150844 2.55813e-05 9.968540000000001e-06 
3.08971e-05 -1.09328e-06 1.06658e-05 
0.000108688 -2.45397e-05 8.61875e-07 
9.95131e-05 2.31971e-05 9.754039999999999e-07 
0.000148855 -2.77634e-05 -1.9611e-05 
7.52942e-05 2.5e-06 1.75249e-05 
0.000150844 1.23095e-05 -3.00418e-05 
4.99293e-05 7.25956e-06 -7.890290000000001e-06 
0.000133292 -2.5e-06 2.16651e-05 
9.0882e-05 3.64495e-06 -1.00832e-05 
5.20038e-05 8.097249999999999e-06 -7.02806e-06 
8.16077e-05 -1.00298e-05 3.79077e-06 
5.80223e-05 2.82234e-06 1.03455e-05 
0.000150844 -8.642740000000001e-06 2.54536e-05 
0.00014745 3.34513e-05 6.02482e-06 
9.30461e-05 4.07085e-06 -9.9195e-06 
6.262309999999999e-05 1.03991e-05 -2.62335e-06 
0.000138963 2.87325e-05 2.5e-06 
8.57018e-05 1.8156e-05 -2.5e-06 
0.000119252 -1.14484e-05 -2.5e-06 
1.36908e-05 1.0572e-05 1.78772e-06 
7.53118e-05 -7.80525e-06 7.35262e-06 
0.000144844 -1.80869e-05 2.09282e-05 
0.000137981 2.5e-06 -2.48173e-05 
0.000144844 2.95605e-05 -5.7957e-06 
0.000150844 1.59632e-05 -7.67703e-06 
5.15672e-05 -6.09715e-07 -1.07048e-05 
0.000150844 -1.87267e-05 -2.14697e-05 
0.000137577 -2.37082e-05 2.5e-06 
0.000144844 -7.08675e-06 -2.67561e-05 
0.000103264 2.5e-06 1.10475e-05 
0.000123228 2.06773e-05 2.5e-06 
0.00010418 -2.19847e-05 2.5e-06 
4.76435e-05 -7.22212e-06 -7.924729999999999e-06 
0.000128432 8.52719e-06 6.50407e-06 
6.98561e-05 -2.5e-06 -1.86314e-05 
-1.55073e-12 -8.72349e-06 1.49926e-07 
1.36012e-06 1.04939e-05 2.20722e-06 
0.000150844 -1.67864e-05 2.4847e-05 
7.33121e-05 1.07884e-05 2.5e-06 
8.93453e-05 -9.17062e-06 5.56011e-06 
0.000130132 1.98105e-05 -2.5e-06 
0.000150844 -6.40805e-06 5.12232e-07 
8.765199999999999e-05 -1.83171e-05 -2.5e-06 
0.00012289 4.02071e-06 9.9402e-06 
0.000150844 8.337810000000001e-06 1.03875e-05 
7.93527e-05 1.73312e-06 2.02467e-05 
8.57968e-05 -8.09724e-06 -7.02849e-06 
0.000144844 -2.65567e-05 3.35961e-06 
0.000103241 -2.5e-06 1.52356e-05 
0.000148431 1.44746e-05 1.8446e-05 
7.964549999999999e-05 -1.00949e-05 3.61947e-06 
9.9961e-05 2.5e-06 1.96515e-05 
0.000135192 -4.00959e-06 9.945440000000001e-06 
0.000122476 -1.37512e-05 -2.5e-06 
0.000116755 2.54273e-05 -2.5e-06 
9.695980000000001e-05 -1.37167e-05 2.5e-06 
0.0001169 -2.5e-06 2.03144e-05 
8.69746e-06 -6.27293e-06 8.699140000000001e-06 
8.113720000000001e-05 -7.897700000000001e-06 -7.25389e-06 
0.000136296 2.858e-05 2.17694e-06 
0.000150844 -3.20545e-07 3.01732e-05 
6.31217e-05 -1.06578e-05 1.17725e-06 
0.000144844 -1.50724e-05 -8.683259999999999e-06 
3.04771e-05 1.34978e-06 -1.06397e-05 
0.000103918 -9.715430000000001e-06 4.53754e-06 
4.61363e-05 -5.83048e-06 9.00164e-06 
0.000150844 -3.16239e-05 4.4295e-06 
9.22356e-05 -1.06252e-05 -2.5e-06 
6.72173e-05 1.00911e-05 -3.63099e-06 
0.000142306 2.5e-06 -2.3633e-05 
0.000144844 -1.92231e-05 3.79249e-06 
0.000137654 -1.87505e-05 2.5e-06 
0.000102638 -2.09597e-05 2.5e-06 
8.78726e-05 9.80793e-06 -4.33168e-06 
0.00012825 2.42775e-06 2.74025e-05 
1.34571e-05 1.03678e-05 2.73838e-06 
0.000150844 2.30311e-05 -1.40414e-05 
5.81109e-05 -8.239e-06 6.86545e-06 
0.000150844 -2.50471e-05 -1.9638e-05 
0.000139204 2.82966e-05 2.5e-06 
0.000150844 -1.39084e-06 -2.40067e-05 
0.000143404 -9.091110000000001e-06 -8.511490000000001e-06 
0.000120178 -2.5e-06 -2.0438e-05 
5.45395e-05 -9.495769999999999e-06 4.97976e-06 
0.000102701 -2.02372e-05 2.5e-06 
8.677149999999999e-05 3.02645e-07 -2.13324e-05 
0.000144844 -1.5106e-05 1.60894e-05 
0.000150844 2.02181e-08 7.3859e-06 
0.000108838 -2.29088e-05 2.5e-06 
0.000150844 2.62207e-06 -1.44248e-05 
8.54443e-05 2.5e-06 -1.78138e-05 
7.626739999999999e-05 -2.5e-06 -1.8457e-05 
4.45238e-05 8.21202e-06 6.898e-06 
0.000118013 3.05571e-06 -1.02778e-05 
6.91267e-05 -6.84339e-06 8.253999999999999e-06 
0.000113853 9.906460000000001e-07 -2.52956e-05 
0.000141816 2.5e-06 -1.32903e-05 
0.000124013 2.5e-06 2.01371e-05 
0.000144844 1.5909e-05 1.01658e-05 
0.000136184 -2.5e-06 1.54549e-05 
0.000144844 -3.11667e-05 -9.225850000000001e-06 
7.96154e-05 -1.16708e-05 -2.5e-06 
0.000111974 1.77926e-05 -2.5e-06 
0.000144714 -9.95318e-06 -1.15382e-05 
5.15026e-05 6.91598e-06 -8.192900000000001e-06 
0.000120356 2.5e-06 -1.87404e-05 
0.000137974 2.5e-06 1.64494e-05 
7.12454e-05 -4.05024e-06 -9.9278e-06 
3.62749e-05 2.61505e-06 1.03979e-05 
0.000107118 -4.41811e-06 9.77247e-06 
0.000143231 -1.59467e-05 -2.5e-06 
0.000150844 -1.42717e-05 1.20098e-05 
0.000108431 -2.13959e-06 -2.45022e-05 
0.000103685 9.84953e-06 4.2405e-06 
0.000125323 -2.5e-06 -1.23132e-05 
0.000137027 1.51278e-05 2.5e-06 
7.37192e-05 -7.16562e-06 -7.976989999999999e-06 
0.000136343 -2.5e-06 -2.66241e-05 
4.12642e-06 1.06821e-05 9.26047e-07 
0.000150844 -2.11774e-05 4.767e-07 
4.66876e-05 -1.05392e-05 1.97414e-06 
0.000132324 1.59682e-05 2.5e-06 
9.059980000000001e-05 -1.496e-05 -2.5e-06 
0.000150844 -6.91786e-06 1.76474e-05 
0.000100603 7.41176e-06 -7.748629999999999e-06 
0.000144844 6.27398e-06 -2.04581e-05 
0.000126225 2.5e-06 -2.22994e-05 
0.000144844 -2.83988e-05 -2.64888e-06 
0.000136764 2.5e-06 1.32362e-05 
0.000143414 -9.330270000000001e-06 -8.25955e-06 
0.000150844 -3.1562e-05 9.26543e-06 
0.000150844 -2.37644e-05 2.01637e-05 
6.00571e-05 6.2126e-06 8.741209999999999e-06 
0.000116876 -2.5e-06 -2.06201e-05 
0.000121729 2.3477e-05 -2.5e-06 
0.000142244 -2.5e-06 1.25623e-05 
0.000102053 2.35688e-05 -1.03165e-06 
0.000145031 1.74183e-05 -2.919e-05 
0.000137735 -1.29478e-05 2.5e-06 
4.4471e-05 1.07098e-05 -5.55035e-07 
0.000127225 -8.834600000000001e-07 -2.72525e-05 
0.00013785 -9.321679999999999e-06 -5.29795e-06 
0.000125981 8.066270000000001e-06 7.06348e-06 
6.64689e-05 1.3491e-06 -1.83613e-05 
9.19767e-05 -1.62314e-05 2.5e-06 
0.00012683 -2.5e-06 -2.48165e-05 
0.000150844 3.01098e-05 3.1235e-06 
0.000150844 1.40524e-05 -2.6197e-05 
0.000146494 -3.39992e-05 -1.88418e-08 
0.000133964 9.414669999999999e-06 -5.13587e-06 
5.21782e-05 -7.05082e-06 8.07939e-06 
0.000128456 -2.4821e-05 -2.5e-06 
0.000114801 -2.5e-06 -1.8672e-05 
0.000150844 3.07862e-05 1.19944e-05 
0.00011675 -1.06213e-05 -2.5e-06 
0.00012467 6.38417e-06 8.614269999999999e-06 
0.000150844 2.874e-05 -1.7497e-05 
3.45515e-05 -1.03409e-05 2.8326e-06 
0.000150844 1.31416e-05 2.03863e-05 
7.80049e-05 -2.00495e-05 -6.73099e-07 
0.000125325 -2.5e-06 1.76606e-05 
1.94439e-05 -8.274070000000001e-06 -6.82044e-06 
0.000105479 4.89224e-06 9.54375e-06 
0.000118297 2.46289e-05 2.5e-06 
0.000119201 -2.35291e-05 2.5e-06 
7.60926e-05 7.34143e-06 7.81438e-06 
9.90226e-05 1.50614e-05 -2.5e-06 
5.15135e-05 9.55995e-06 -4.85408e-06 
0.000126503 2.30671e-05 -2.5e-06 
6.07103e-05 9.581710000000001e-06 -4.81149e-06 
0.000137116 8.07687e-06 7.05151e-06 
0.000142374 -2.5e-06 2.08286e-05 
0.000111897 1.64809e-05 2.5e-06 
0.000150844 -2.41016e-05 2.0341e-05 
0.00011818 1.52868e-05 2.5e-06 
0.000150844 -2.06756e-05 1.34498e-05 
0.000150844 1.06657e-06 -7.14242e-06 
0.000132927 2.80756e-05 -2.5e-06 
5.75037e-05 1.00716e-05 3.68622e-06 
5.99975e-05 -1.06846e-05 8.98412e-07 
7.80112e-05 1.62263e-05 2.5e-06 
4.77135e-05 7.894049999999999e-06 -7.25905e-06 
8.294589999999999e-05 1.57444e-05 2.5e-06 
4.42263e-05 -7.61395e-06 7.54936e-06 
0.000144844 -7.33706e-06 3.10008e-05 
0.000144844 -1.91135e-05 2.25586e-05 
9.61549e-05 1.84686e-05 -2.5e-06 
0.000144844 6.76552e-06 1.99184e-05 
9.07853e-05 5.65701e-06 9.10831e-06 
0.000134838 -2.83666e-05 -7.31952e-07 
0.000104878 -9.11173e-06 -5.65462e-06 
0.000144844 -1.90253e-05 -1.09399e-05 
0.000150423 3.39999e-05 5.66131e-08 
3.5105e-05 1.02192e-05 -3.24764e-06 
0.000125819 -1.0891e-06 -2.70467e-05 
0.000147851 -3.39371e-05 1.95953e-06 
0.000138002 1.74854e-06 2.88296e-05 
0.000150844 -1.42828e-05 6.82466e-06 
7.77988e-05 7.54659e-06 -7.61864e-06 
0.000150844 -7.57438e-06 -1.08447e-05 
0.000150844 2.2526e-05 6.52153e-06 
0.000108346 -2.5e-06 -2.29538e-05 
8.04418e-05 3.20145e-06 -1.02326e-05 
9.20137e-05 -2.5e-06 -2.03065e-05 
6.5639e-05 7.1255e-06 8.014110000000001e-06 
0.000134365 -1.15359e-05 -2.5e-06 
0.000129692 2.76135e-05 1.83498e-06 
6.78281e-05 1.34704e-05 2.5e-06 
3.68784e-05 -9.851840000000001e-06 -4.23541e-06 
0.00013669 -1.42295e-05 2.5e-06 
0.000121826 -1.63607e-05 2.5e-06 
0.000136158 2.5e-06 -1.28598e-05 
0.000137631 -2.5e-06 2.418e-05 
7.17954e-05 1.02195e-05 -3.24684e-06 
0.000150844 -3.70952e-06 -3.17728e-05 
0.000147867 -9.17143e-07 3.39873e-05 
0.000149321 2.0252e-05 1.69126e-05 
0.00010818 -2.34575e-05 2.5e-06 
0.000150844 -2.26748e-05 2.01771e-05 
0.000101521 2.14528e-05 2.5e-06 
0.000144844 -8.372150000000001e-06 2.63554e-05 
9.32343e-05 8.87812e-06 6.01508e-06 
1.20707e-05 -5.49585e-06 -9.206450000000001e-06 
8.098e-05 8.8668e-07 -2.04849e-05 
4.38344e-05 6.80315e-06 8.28741e-06 
0.000147742 -1.74468e-05 2.0389e-05 
8.34611e-05 -1.91916e-05 -2.5e-06 
8.76711e-05 6.34998e-06 -8.640689999999999e-06 
0.000150844 1.81348e-05 2.15473e-05 
0.000147251 2.05632e-05 -1.88541e-05 
0.000150844 6.94779e-06 1.70817e-05 
0.000130999 -2.5e-06 2.60361e-05 
8.23677e-05 9.289759999999999e-06 -5.353e-06 
3.35278e-05 -5.77927e-06 -9.033860000000001e-06 
2.42221e-05 -1.06306e-05 1.39676e-06 
0.000144932 1.49174e-05 1.62832e-05 
7.76224e-05 1.23838e-05 2.5e-06 
0.000125004 2.5e-06 -1.26907e-05 
3.41729e-05 -6.02634e-06 8.867839999999999e-06 
0.000150844 1.28655e-05 2.14465e-05 
9.78892e-05 2.5e-06 1.07386e-05 
0.000144844 6.01455e-06 1.49655e-05 
8.65825e-05 2.13048e-05 1.65665e-07 
1.17584e-05 -5.67316e-06 9.09812e-06 
0.000144111 2.5e-06 -2.24639e-05 
0.000110227 -1.01808e-05 -3.36312e-06 
0.000150844 1.69924e-05 2.83388e-05 
0.000101643 2.5e-06 1.276e-05 
0.000116675 1.8188e-05 2.5e-06 
0.00010223 1.35885e-06 -2.35947e-05 
0.000144763 -2.89814e-05 2.5e-06 
0.000150844 -1.03081e-05 2.03567e-05 
7.77174e-05 -2.5e-06 1.59838e-05 
0.000132814 2.80703e-05 -4.31687e-07 
8.85709e-05 -1.77135e-05 -2.5e-06 
0.000138711 -2.70005e-05 -2.5e-06 
0.000120301 7.4306e-06 7.7319e-06 
0.00013838 6.33628e-06 8.65043e-06 
0.000130479 2.5e-06 -2.55839e-05 
0.000120823 9.47548e-06 5.01851e-06 
0.000115657 -2.39666e-05 2.5e-06 
-1.53311e-12 -8.249619999999999e-06 5.07989e-06 
6.4e-05 3.14052e-07 -1.4199e-05 
4.14707e-05 -8.866019999999999e-06 -6.03376e-06 
0.000138706 2.5e-06 -1.4879e-05 
7.12313e-05 2.5e-06 1.25273e-05 
3.10697e-05 -1.99901e-06 1.05346e-05 
7.005500000000001e-05 -1.00537e-05 -3.73158e-06 
6.545680000000001e-05 -2.5e-06 -1.27698e-05 
9.56969e-05 -2.5e-06 -1.70996e-05 
4.75539e-05 -1.04363e-05 2.45904e-06 
2.96469e-05 9.481019999999999e-06 -5.00865e-06 
0.000144844 2.79832e-05 7.99482e-06 
0.000120412 5.11359e-06 9.42366e-06 
9.92643e-05 -2.31607e-05 2.09406e-06 
0.000139583 2.7757e-05 2.5e-06 
0.000144844 1.00664e-05 -1.26298e-05 
7.312409999999999e-05 -7.19657e-06 -7.94837e-06 
3.51321e-05 1.07115e-05 5.25018e-07 
0.000125881 2.5e-06 1.67544e-05 
0.000121644 -2.25601e-05 2.5e-06 
0.000113133 -4.10352e-06 9.90567e-06 
5.85824e-06 -4.32771e-06 -9.811350000000001e-06 
0.000144844 -2.42334e-05 -1.13696e-05 
0.000127653 -2.6577e-06 -1.03871e-05 
7.4138e-05 6.3899e-06 -8.61036e-06 
0.000144844 2.55962e-06 -2.64186e-05 
0.000126506 2.5e-06 -1.55041e-05 
0.000150844 1.59024e-05 2.48538e-05 
6.4e-05 1.10833e-05 1.58101e-06 
0.000140572 -2.5e-06 1.63913e-05 
0.000144844 -2.33613e-05 -2.08479e-05 
6.46948e-05 -2.5e-06 -1.47768e-05 
0.000111784 9.04908e-06 5.75129e-06 
0.000107047 2.5e-06 2.40912e-05 
0.000123619 -1.70639e-06 -2.67248e-05 
0.000150844 -3.24686e-05 -7.24539e-06 
2.34611e-05 5.43983e-06 9.24056e-06 
0.000145279 1.25512e-05 -3.15963e-05 
0.000150844 1.4142e-05 -3.13414e-06 
0.000104712 -7.17723e-06 -7.96625e-06 
3.52469e-06 -3.57395e-06 1.01092e-05 
0.000150844 3.07389e-05 -1.03697e-05 
0.000112893 -1.89629e-05 -2.5e-06 
0.000112433 1.83504e-05 2.5e-06 
2.30929e-05 -8.462500000000001e-06 6.58428e-06 
7.07584e-05 -7.986960000000001e-06 -7.15307e-06 
0.000121402 -3.53447e-06 1.01236e-05 
2.31271e-05 -1.13953e-06 1.06611e-05 
0.000122921 1.76875e-05 -2.5e-06 
0.000132938 -2.5e-06 -2.59011e-05 
0.000143876 -2.5e-06 1.48023e-05 
0.000144844 -1.00682e-05 3.18859e-05 
0.000150844 -8.41307e-06 -1.06156e-05 
3.59549e-05 -8.050049999999999e-06 -7.0818e-06 
0.000120966 -2.5e-06 -2.46943e-05 
0.000136254 1.17642e-05 -2.5e-06 
1.6069e-05 -1.89964e-06 -1.05542e-05 
0.000144844 1.8874e-05 1.05068e-05 
9.25614e-05 5.72073e-06 9.069509999999999e-06 
0.000144844 -7.11287e-06 -2.14836e-05 
0.000133738 -2.20815e-05 -2.5e-06 
4.93039e-05 -7.99685e-06 -7.1419e-06 
3.1061e-05 3.14723e-06 1.02494e-05 
0.00011497 -4.44128e-06 9.761759999999999e-06 
0.000145968 2.1602e-05 -2.62446e-05 
0.000150844 8.82278e-06 8.320959999999999e-06 
7.70188e-05 -5.20558e-06 9.373429999999999e-06 
0.000113458 2.5e-06 1.79385e-05 
0.000150844 -2.39927e-05 1.75771e-05 
0.000147987 -1.52087e-05 -1.9942e-05 
9.77186e-05 9.85234e-06 -4.23283e-06 
0.000150844 -9.135350000000001e-06 -2.53016e-05 
0.000144844 -1.75807e-05 2.42068e-05 
7.420319999999999e-05 -1.57803e-05 2.5e-06 
0.000146925 1.7254e-05 1.49298e-05 
0.000138574 9.279320000000001e-06 5.37107e-06 
4.65794e-05 8.3293e-06 -6.75184e-06 
8.15823e-05 7.839580000000001e-06 7.31838e-06 
0.000129481 -2.5e-06 2.08554e-05 
0.000128057 -2.56195e-05 -2.5e-06 
0.000144844 1.12653e-05 2.89124e-05 
0.000144844 2.59309e-05 2.52071e-06 
0.000105736 2.5e-06 1.28732e-05 
7.97271e-05 -2.17474e-06 2.03015e-05 
7.17809e-05 -1.26732e-05 -2.5e-06 
5.04114e-05 -1.05809e-05 -1.73768e-06 
8.20207e-05 -2.25205e-06 2.06372e-05 
9.47331e-06 7.20723e-06 7.938509999999999e-06 
0.000150844 -2.23199e-06 1.17038e-05 
9.45181e-05 1.70653e-05 2.5e-06 
0.000132335 1.37297e-05 2.5e-06 
0.000150844 1.87237e-06 -2.66973e-06 
0.000110718 9.44275e-06 -5.08359e-06 
9.44813e-05 2.5e-06 -1.69713e-05 
4.96387e-05 -8.345100000000001e-06 -6.73166e-06 
0.000150844 -1.40437e-05 -6.20495e-06 
9.71368e-05 1.03659e-05 -2.74331e-06 
0.000149279 -3.21246e-05 -1.11064e-05 
0.000150844 1.44327e-05 -1.70423e-06 
6.66906e-05 -2.5e-06 -1.166e-05 
8.66096e-05 6.36949e-06 -8.62586e-06 
8.81662e-05 6.83112e-06 8.26401e-06 
0.000127542 -1.17567e-05 2.5e-06 
0.000106111 -1.65925e-05 2.5e-06 
7.84104e-05 -4.59174e-06 9.68902e-06 
0.000147475 -1.7927e-05 2.8878e-05 
9.392210000000001e-05 -2.5e-06 -1.68253e-05 
8.110039999999999e-05 -6.81903e-06 8.274510000000001e-06 
4.18229e-05 -1.01585e-05 -3.42921e-06 
0.000144844 -2.40385e-05 1.63039e-05 
0.000112424 -2.05459e-05 2.5e-06 
0.000150844 1.83002e-05 2.39428e-05 
0.000138739 -9.82692e-06 4.28942e-06 
9.99079e-05 -2.05002e-05 2.5e-06 
4.02421e-05 -1.23017e-07 -1.07219e-05 
9.69961e-05 -2.5e-06 1.9504e-05 
7.92372e-06 -2.34548e-06 -1.04648e-05 
0.000144844 1.94716e-05 -9.560669999999999e-06 
5.7354e-05 -1.01338e-05 -3.50251e-06 
0.000140132 -2.48687e-05 -2.5e-06 
0.000130868 2.5e-06 -2.18121e-05 
8.205e-05 -2.06415e-05 -8.29894e-07 
0.000138243 1.01832e-05 3.35605e-06 
6.9193e-05 -2.5e-06 -1.23419e-05 
0.000120035 -1.36551e-05 -2.5e-06 
4.4623e-05 -3.85324e-06 -1.00076e-05 
0.000150844 2.35186e-05 -1.26849e-05 
0.000150844 -8.474730000000001e-06 -1.00838e-05 
7.18516e-05 -3.07118e-06 1.0273e-05 
0.000129727 2.5e-06 -1.34077e-05 
0.00010749 -2.5e-06 -1.38185e-05 
0.000111715 -2.49827e-05 -4.35791e-07 
0.000109204 2.5e-06 -1.11364e-05 
9.25603e-05 -8.296180000000001e-06 -6.79281e-06 
0.000150844 1.19457e-06 1.31737e-05 
7.735189999999999e-05 -5.18115e-07 -1.99539e-05 
0.000104664 -2.5e-06 -1.12648e-05 
6.97968e-05 8.102330000000001e-06 7.02275e-06 
0.000149069 -1.87093e-05 -2.83807e-05 
5.96832e-05 -5.92605e-06 -8.93592e-06 
0.000124031 -2.5e-06 1.96382e-05 
0.000120828 -2.5e-06 -2.40782e-05 
0.000108541 -2.45183e-05 1.62896e-06 
4.56833e-05 -9.44941e-06 5.07053e-06 
3.66692e-05 -4.72787e-07 -1.07114e-05 
5.05983e-05 4.10385e-06 9.905310000000001e-06 
0.000144844 2.85174e-05 5.50074e-06 
0.000150844 -2.54188e-06 -6.48254e-07 
0.000150844 -1.35901e-05 -8.11559e-06 
0.000150844 1.67371e-07 2.2044e-06 
6.00865e-05 3.7736e-06 -1.00361e-05 
9.14354e-05 2.5e-06 2.08537e-05 
0.000144844 3.5276e-06 1.68313e-05 
5.04316e-05 8.73125e-06 -6.22256e-06 
0.000149368 -3.38798e-05 -2.73098e-06 
0.000150844 3.122e-06 -1.43933e-05 
0.000100714 -1.18014e-06 -2.33728e-05 
0.000150844 -9.88452e-06 -2.3903e-05 
0.000150844 2.60283e-05 1.38642e-05 
6.4e-05 -1.08437e-05 5.6606e-07 
2.48254e-05 9.46091e-06 5.04683e-06 
0.000150844 -2.48923e-05 -1.91882e-05 
1.95185e-05 -5.55978e-06 -9.16752e-06 
0.000150844 -2.70278e-05 1.9641e-05 
9.59784e-05 2.26798e-05 2.04706e-06 
0.000129457 -4.54312e-06 9.71252e-06 
0.000144844 6.19679e-06 1.45822e-05 
6.71362e-05 6.0214e-06 8.871129999999999e-06 
0.000144844 -1.95958e-05 -9.22838e-06 
0.000118103 2.5e-06 2.09065e-05 
8.662560000000001e-05 1.59544e-06 -2.13111e-05 
0.000127104 2.69091e-05 2.5e-06 
0.000145648 -3.36654e-05 4.71307e-06 
2.71439e-05 9.90835e-06 4.10017e-06 
1.52629e-05 2.93777e-06 1.03136e-05 
1.83865e-05 1.05938e-05 -1.66141e-06 
0.000150844 2.48187e-05 -1.82207e-05 
0.00011346 -2.37574e-05 -2.5e-06 
7.80644e-05 1.64927e-05 -2.5e-06 
0.000150844 1.35138e-06 -1.50007e-06 
0.000150844 6.56255e-06 1.25491e-05 
0.000130249 1.49452e-05 -2.5e-06 
0.000145973 -1.74063e-05 2.91973e-05 
0.000142074 2.5e-06 -1.64251e-05 
0.000144844 -3.73541e-06 -3.34347e-05 
0.00014493 2.47353e-05 2.33204e-05 
7.5114e-05 1.96265e-05 1.73831e-06 
3.45785e-05 -9.87714e-06 -4.1793e-06 
0.000105717 2.5e-06 2.29372e-05 
9.954069999999999e-05 -6.40283e-06 8.60053e-06 
8.0901e-05 2.5e-06 1.98437e-05 
0.000111295 2.5e-06 -1.173e-05 
0.000134123 2.5e-06 2.22682e-05 
0.000115603 1.63568e-05 2.5e-06 
0.000145403 3.39652e-05 1.36461e-06 
0.000150844 -7.5089e-06 9.10408e-06 
5.66438e-05 8.41003e-06 -6.65029e-06 
7.69155e-05 -2.5e-06 1.06778e-05 
0.000150844 -2.44778e-05 2.18773e-05 
0.000120861 -1.41666e-05 -2.5e-06 
0.000144844 -2.33199e-06 3.25906e-05 
9.12731e-05 -2.5e-06 1.16602e-05 
0.000135878 -8.3114e-06 6.77437e-06 
2.40017e-05 1.10784e-06 1.06644e-05 
-2.25e-06 2.80669e-07 -3.97699e-07 
0.000136651 -2.5e-06 -2.76179e-05 
9.12425e-05 1.3824e-05 2.5e-06 
0.000144844 2.19297e-05 2.47676e-05 
0.000150844 4.65803e-06 1.54094e-05 
0.000121664 2.5e-06 -1.6392e-05 
0.000150844 -1.76646e-05 -2.59451e-05 
2.525e-05 1.48923e-06 -1.06185e-05 
9.17559e-05 -6.0142e-07 2.20619e-05 
-1.53364e-12 1.66021e-06 9.42717e-06 
0.000106626 -2.5e-06 -1.7915e-05 
0.000122654 -2.58278e-05 -2.5e-06 
9.94989e-05 2.20963e-05 -2.5e-06 
9.2068e-05 -2.11752e-05 -2.5e-06 
0.000138151 2.53353e-05 2.5e-06 
0.000110981 4.61049e-06 9.6798e-06 
4.25276e-05 -9.916649999999999e-06 -4.07912e-06 
0.000144562 -2.05757e-05 2.5e-06 
0.000132346 2.10511e-05 2.5e-06 
9.272270000000001e-05 8.202999999999999e-06 6.90904e-06 
3.57681e-05 9.10168e-06 -5.66911e-06 
0.000149024 -2.80854e-05 -1.91609e-05 
0.000139897 -2.5e-06 -2.64153e-05 
8.51035e-05 -9.570180000000001e-06 4.83406e-06 
6.4e-05 -9.35984e-07 -1.47196e-05 
8.78464e-05 1.40165e-05 -2.5e-06 
0.000113135 4.32556e-06 9.812250000000001e-06 
8.026890000000001e-05 4.34498e-06 9.8041e-06 
0.000150844 -1.78091e-05 -1.39216e-05 
0.000133656 -2.5e-06 -2.22855e-05 
0.000131089 -1.17749e-05 2.5e-06 
0.000120558 -2.5e-06 1.71166e-05 
6.92308e-05 5.59299e-06 -9.147290000000001e-06 
8.04032e-05 2.5e-06 -1.90473e-05 
0.000150844 1.47091e-06 2.58392e-05 
0.000128677 -2.5e-06 1.2971e-05 
0.000127754 -2.5e-06 -2.06441e-05 
0.000130727 1.09861e-05 -2.5e-06 
0.000111746 2.14406e-05 -2.5e-06 
0.000150844 -5.39576e-06 -2.93498e-05 
0.000150844 1.26296e-05 3.67645e-06 
8.22054e-05 1.94753e-05 -2.5e-06 
0.000150844 -7.41662e-06 7.86185e-06 
0.000150844 -7.895910000000001e-06 -2.92223e-05 
6.805009999999999e-05 -1.85927e-05 2.38426e-06 
0.000149297 -1.52296e-05 -1.58826e-05 
0.000139442 2.66571e-05 -2.5e-06 
0.000148247 -3.02509e-05 -1.54973e-05 
5.65989e-05 -4.42211e-06 9.77078e-06 
0.000100335 2.33174e-05 3.9876e-07 
0.000118719 -2.48057e-05 2.5e-06 
0.000144844 -2.55285e-05 1.40774e-05 
9.650969999999999e-06 9.436799999999999e-06 5.09367e-06 
0.000150844 6.94263e-06 -1.76177e-05 
9.53597e-05 1.32106e-06 2.25893e-05 
0.000144844 -2.10733e-05 1.63871e-05 
0.000119144 -2.5e-06 1.41895e-05 
0.000101775 -1.96664e-05 -2.5e-06 
4.02553e-05 -1.01357e-05 3.49751e-06 
1.61113e-05 9.201900000000001e-06 -5.50574e-06 
0.000111509 -5.69923e-06 9.082129999999999e-06 
9.92523e-05 -1.60633e-05 2.5e-06 
0.000117692 -2.58574e-05 -1.1165e-07 
3.90119e-05 2.75058e-06 1.03636e-05 
0.000107478 -1.32115e-05 2.5e-06 
8.81186e-05 9.433530000000001e-06 -5.10164e-06 
9.4431e-05 1.59627e-05 2.5e-06 
0.000100176 2.5e-06 1.55688e-05 
0.000150844 1.92458e-05 1.36297e-05 
0.000143639 2.5e-06 2.07825e-05 
8.65632e-05 1.0145e-05 -3.46968e-06 
0.000147513 1.85264e-05 -1.449e-05 
9.076020000000001e-05 -2.0823e-05 -2.5e-06 
0.000150844 2.82872e-05 -7.981979999999999e-06 
0.000150844 4.72963e-06 -7.45768e-06 
7.43517e-05 1.45411e-05 -2.5e-06 
0.000144844 -1.18162e-05 -1.36228e-05 
0.000150844 -1.88307e-05 2.36824e-05 
0.000144573 -5.18134e-06 1.37678e-05 
0.000108506 2.25531e-05 -2.5e-06 
8.250669999999999e-05 1.12589e-05 2.5e-06 
7.48653e-05 2.0444e-06 -1.95901e-05 
0.000135339 2.52706e-05 -2.5e-06 
3.92837e-06 -9.98722e-06 3.8999e-06 
9.75446e-05 -1.7003e-05 2.5e-06 
8.06079e-05 2.5e-06 -1.76535e-05 
0.00014049 2.91937e-05 -4.28262e-07 
0.000144844 8.875920000000001e-06 -2.6879e-05 
0.000147036 -1.18674e-05 3.1851e-05 
0.000144844 -1.40498e-05 -8.91836e-06 
9.19765e-05 -7.59347e-06 -7.5699e-06 
0.000126085 7.19636e-06 -7.94912e-06 
0.000144301 2.4795e-05 -2.5e-06 
0.000150844 2.03416e-05 1.42153e-05 
3.79482e-05 -1.06001e-05 -1.62966e-06 
0.000144844 2.87701e-05 -1.60078e-05 
3.71056e-06 2.95754e-06 -1.03082e-05 
5.15816e-05 -1.51614e-06 1.06144e-05 
0.000144246 -2.95491e-05 2.5e-06 
0.00010229 2.5e-06 2.04785e-05 
0.000123401 -1.86629e-05 2.5e-06 
0.000109954 -2.5e-06 1.06793e-05 
0.000119221 -2.10894e-05 2.5e-06 
0.000143238 1.03994e-05 6.54233e-06 
0.000119539 -2.5e-06 -2.59814e-05 
8.08613e-05 -2.5e-06 -1.26641e-05 
0.000144614 -2.5e-06 -2.5861e-05 
4.44411e-05 1.06351e-05 -1.36057e-06 
0.000150844 -1.63939e-05 1.41287e-05 
0.000150844 5.54501e-06 2.75137e-05 
7.25605e-05 1.68657e-05 2.5e-06 
0.000144844 -4.82342e-06 1.65368e-05 
0.000112173 -3.91763e-06 9.983439999999999e-06 
1.07368e-05 1.04874e-05 2.23536e-06 
0.000150844 1.86733e-05 -5.88202e-06 
9.84766e-05 -1.32184e-06 2.30454e-05 
0.000124229 -1.87367e-05 2.5e-06 
0.000150844 -4.73046e-06 -1.44115e-05 
6.6466e-05 1.83297e-06 1.83609e-05 
0.000135051 -1.06649e-05 -2.5e-06 
0.000144844 -1.17612e-05 1.53371e-05 
0.000144844 1.84408e-05 1.32832e-05 
0.000140396 1.35784e-05 -2.5e-06 
0.000148562 -1.82816e-05 -2.07991e-05 
6.8304e-05 1.47684e-05 -2.5e-06 
0.000150808 3.37568e-05 3.98135e-06 
2.325e-06 -1.01062e-05 3.58578e-06 
-1.54224e-12 1.98189e-06 8.549920000000001e-06 
9.91031e-05 2.5e-06 -1.79788e-05 
4.42157e-05 4.2355e-06 -9.849789999999999e-06 
1.16814e-05 1.79864e-06 -1.05713e-05 
2.41475e-05 1.06428e-05 -1.29798e-06 
0.000150844 1.71955e-05 -7.69308e-06 
0.00014596 -3.18668e-05 1.1837e-05 
2.024e-05 -1.47501e-06 -1.06202e-05 
0.000144844 -2.98391e-05 -1.44237e-05 
8.92888e-05 2.17008e-05 -4.29974e-07 
0.000101741 -8.26316e-06 -6.83408e-06 
0.000120807 -2.49264e-05 -2.5e-06 
1.18012e-06 2.217e-06 -1.04903e-05 
0.000150844 -2.41767e-05 1.70822e-05 
0.000132531 2.5e-06 -2.45809e-05 
0.000136658 -2.37485e-05 -2.5e-06 
0.000116162 5.43337e-06 9.244499999999999e-06 
0.00013149 1.19958e-05 -2.5e-06 
3.13547e-05 -1.07209e-05 -1.7094e-07 
0.000105894 7.38724e-06 -7.771460000000001e-06 
0.000150134 2.00942e-05 -1.53576e-05 
-1.57215e-12 6.76078e-06 2.0386e-06 
0.000127549 2.29196e-05 2.5e-06 
2.96636e-05 -9.873929999999999e-06 4.18478e-06 
3.78776e-05 8.40374e-06 -6.6582e-06 
8.3853e-05 -2.03981e-05 2.5e-06 
0.000144844 -2.55705e-05 1.54915e-05 
0.000150265 2.76813e-05 1.97247e-05 
7.07546e-05 2.5e-06 -1.10723e-05 
0.000146573 1.7626e-05 2.09169e-05 
0.000118944 2.06893e-05 -2.5e-06 
0.000144844 1.25846e-05 -1.77564e-05 
0.000144844 7.19934e-06 2.27545e-05 
0.000109459 -2.5e-06 -1.76709e-05 
0.00013712 2.5e-06 2.36259e-05 
3.01992e-05 9.547880000000001e-06 -4.87772e-06 
0.000108243 -6.14454e-06 -8.787460000000001e-06 
9.95152e-05 2.21649e-05 -2.5e-06 
8.528690000000001e-05 4.05339e-06 -9.926890000000001e-06 
5.26892e-05 -1.02109e-05 3.27269e-06 
0.00010889 -2.5e-06 1.21947e-05 
9.890930000000001e-05 7.692950000000001e-06 -7.46811e-06 
0.000133162 -3.75986e-06 1.00411e-05 
0.000144844 -1.40742e-05 2.14781e-05 
0.000144844 9.81868e-06 -2.40861e-05 
0.000134535 -1.7347e-06 2.83222e-05 
0.000150742 1.71343e-05 2.09086e-05 
6.468769999999999e-05 1.81006e-05 1.76806e-06 
8.508429999999999e-05 -2.5e-06 1.23429e-05 
8.674089999999999e-05 -4.36321e-06 -9.79645e-06 
2.8196e-06 5.20848e-06 9.37218e-06 
0.000150844 4.08079e-06 -7.87442e-06 
0.000150844 1.84285e-05 2.37651e-05 
0.000115417 2.5e-06 -1.57821e-05 
0.000127031 2.5e-06 -2.59885e-05 
7.05394e-05 1.7315e-05 -2.5e-06 
9.8741e-05 -6.78137e-06 8.306209999999999e-06 
1.68531e-05 2.48441e-06 -1.04315e-05 
0.000110012 2.5e-06 -1.51546e-05 
0.000103762 1.08162e-05 -2.5e-06 
0.000144844 2.16374e-05 -4.95024e-06 
0.000116904 -2.05288e-05 2.5e-06 
4.22752e-05 -9.43211e-06 -5.10275e-06 
0.000121115 -1.94734e-05 -2.5e-06 
9.879939999999999e-06 1.03225e-05 -2.89851e-06 
0.000150844 2.10806e-05 2.66198e-05 
9.39694e-05 2.5e-06 -2.10558e-05 
8.731140000000001e-05 1.51078e-05 2.5e-06 
8.275369999999999e-05 -1.35232e-05 -2.5e-06 
0.000106159 -2.5e-06 -1.11895e-05 
0.000148944 -1.06487e-05 3.2284e-05 
0.000131618 -2.5e-06 1.73068e-05 
0.000140983 7.83134e-06 -7.54077e-06 
9.3564e-05 8.31138e-06 6.77381e-06 
0.000150844 2.61818e-05 2.10096e-05 
0.000104777 2.08184e-05 2.5e-06 
0.000150844 -1.75252e-06 1.81316e-05 
8.07582e-05 -1.8346e-05 2.5e-06 
0.000123173 2.5e-06 -2.37821e-05 
0.000127154 -2.10956e-05 2.5e-06 
0.000144844 -1.04723e-05 -1.19151e-05 
0.000114051 -3.5027e-06 -1.01346e-05 
0.000144844 -1.38787e-05 -1.0695e-05 
0.000123813 1.72727e-05 -2.5e-06 
8.54873e-05 1.8303e-05 2.5e-06 
0.00010475 -2.5e-06 -1.11767e-05 
0.000103696 -2.5e-06 1.24398e-05 
7.357239999999999e-05 -1.94008e-05 2.25128e-06 
2.35696e-06 7.7477e-06 7.41228e-06 
9.18235e-05 2.5e-06 -1.46255e-05 
6.65945e-06 -4.99775e-06 -9.48651e-06 
0.000150844 -2.78875e-05 2.83337e-07 
0.000150844 -1.52081e-05 -8.67056e-06 
8.94604e-05 2.17259e-05 -1.22753e-06 
9.92148e-05 -2.0766e-05 -2.5e-06 
6.44022e-05 -8.24241e-06 -6.86002e-06 
0.000144844 2.28406e-05 -2.27569e-05 
0.000139847 1.01777e-05 3.37385e-06 
0.000142115 -2.5e-06 -2.16529e-05 
0.000150844 -3.69638e-06 2.40638e-05 
9.458600000000001e-05 -5.7675e-06 9.04027e-06 
0.000133884 -1.11955e-05 -2.5e-06 
0.000105 -1.4819e-05 2.5e-06 
7.78669e-05 -1.8941e-05 -2.5e-06 
0.000149109 -1.8796e-05 1.45584e-05 
0.000150844 -5.6479e-06 1.60583e-05 
0.000144844 -6.06463e-06 -2.44309e-05 
0.000108085 2.20652e-05 2.5e-06 
0.000147487 -2.86656e-05 1.82645e-05 
0.000104334 5.78939e-06 9.0277e-06 
-1.52588e-12 -8.115339999999999e-06 -6.95949e-06 
9.06735e-05 -6.25659e-06 -8.710599999999999e-06 
3.5778e-05 -6.14166e-06 8.788939999999999e-06 
2.28374e-05 2.10966e-06 1.05121e-05 
7.06392e-05 2.5e-06 -1.17892e-05 
0.000118114 -2.5e-06 1.78738e-05 
7.6024e-05 2.5e-06 1.61636e-05 
6.45499e-05 -5.71878e-06 -9.070699999999999e-06 
0.000144844 -1.72282e-05 -2.69292e-05 
7.23598e-05 2.5e-06 1.45956e-05 
0.0001041 -2.5e-06 1.92216e-05 
0.000120321 2.5e-06 1.88881e-05 
6.262039999999999e-05 9.93816e-06 -4.0255e-06 
8.37223e-05 1.06447e-05 -2.5e-06 
4.3763e-05 9.55382e-06 -4.8661e-06 
0.000138872 1.01371e-05 -3.49334e-06 
0.000144844 -1.77662e-05 2.07842e-05 
4.12706e-05 1.05152e-05 -2.11083e-06 
0.000150844 -1.25876e-05 -2.16506e-05 
9.82995e-05 -2.26109e-05 -2.5e-06 
0.000144844 -8.48615e-06 2.24557e-05 
8.80891e-05 -9.318380000000001e-06 5.30323e-06 
0.000139683 2.5e-06 1.35439e-05 
7.384459999999999e-05 -1.94407e-05 1.67027e-06 
0.000144844 -1.29777e-05 -9.8929e-06 
6.54644e-05 8.752250000000001e-06 -6.19325e-06 
0.000114445 2.5e-06 1.09326e-05 
0.000119353 2.60528e-05 2.5e-06 
7.23363e-05 -7.47586e-06 -7.69004e-06 
6.89524e-05 1.87247e-05 -5.1788e-07 
8.549420000000001e-05 -2.08681e-05 2.5e-06 
7.084679999999999e-05 2.5e-06 -1.15606e-05 
4.79785e-05 5.24952e-07 -1.07088e-05 
0.000138256 2.5e-06 1.74361e-05 
3.85146e-05 1.07168e-05 -3.35407e-07 
1.01791e-05 -9.618279999999999e-06 4.73987e-06 
0.000144844 9.28062e-06 3.17544e-05 
0.000101974 -1.36941e-05 2.5e-06 
7.07196e-05 -1.03304e-05 -2.87063e-06 
0.000150844 9.68317e-06 2.51052e-05 
9.08733e-05 -7.76968e-06 -7.3898e-06 
8.6078e-05 -2.22411e-06 -2.12309e-05 
7.86525e-05 9.29323e-07 -2.01443e-05 
9.08008e-05 2.5e-06 -1.59539e-05 
2.56402e-05 -6.87943e-06 -8.2236e-06 
0.000144844 -2.26646e-05 -7.04321e-06 
0.00014855 8.663740000000001e-06 -3.28676e-05 
0.00010436 -6.3025e-07 2.39064e-05 
0.000144508 3.91508e-06 -1.39305e-05 
0.000133447 -9.804380000000001e-06 4.33958e-06 
7.72104e-05 -2.5e-06 1.89843e-05 
8.7493e-05 -2.5e-06 1.52666e-05 
0.000143674 2.5e-06 -1.6638e-05 
0.000119208 -2.44565e-05 -2.5e-06 
4.23712e-05 -6.57325e-06 -8.471510000000001e-06 
0.000120326 2.62429e-05 6.61006e-07 
0.00014369 -2.5e-06 2.9538e-05 
9.93455e-05 5.9069e-06 -8.949540000000001e-06 
0.000139311 -2.5e-06 1.62537e-05 
0.000113756 5.04215e-06 9.462420000000001e-06 
-1.54704e-12 5.09796e-06 -1.44753e-06 
9.738679999999999e-05 2.87831e-06 1.03313e-05 
0.000150844 -4.85193e-06 -4.66666e-06 
6.59674e-05 -5.03726e-06 9.46543e-06 
0.000144844 6.04554e-06 2.23903e-05 
3.98435e-06 -5.48706e-06 9.21225e-06 
0.000141841 -1.21e-05 2.5e-06 
2.6963e-05 9.460870000000001e-06 5.04691e-06 
0.000150844 1.63111e-05 2.53656e-05 
0.000108146 -1.98879e-05 -2.5e-06 
0.000108928 -8.928690000000001e-06 5.93788e-06 
7.49976e-05 -5.3988e-07 1.96094e-05 
0.000125679 4.55458e-06 -9.70699e-06 
0.000108491 -1.59779e-05 -2.5e-06 
0.000131106 -7.48435e-06 -7.681429999999999e-06 
0.000100425 -1.36252e-05 -2.5e-06 
0.000144844 1.39188e-05 2.60278e-05 
0.00013848 -7.31667e-06 -7.837280000000001e-06 
8.67629e-05 1.03231e-05 2.8963e-06 
0.000140029 2.5e-06 2.45315e-05 
6.24969e-05 -8.76735e-06 6.17219e-06 
7.779900000000001e-05 -2.5e-06 1.46031e-05 
0.000150844 1.71829e-05 1.07912e-05 
9.46644e-05 -2.5e-06 2.17584e-05 
0.000144844 1.91278e-05 4.93755e-06 
3.23168e-07 1.06899e-05 8.24628e-07 
0.000142095 2.34194e-05 -2.5e-06 
0.000150844 -1.04057e-05 2.47866e-05 
0.000150844 -2.18666e-05 5.10404e-07 
0.000124676 2.5e-06 1.42496e-05 
0.000134341 -2.5e-06 -1.37454e-05 
0.000150669 -1.61167e-05 -2.06213e-05 
0.000144844 -1.41119e-05 2.73158e-05 
2.32474e-05 -7.29495e-06 7.857359999999999e-06 
0.000150202 -2.70845e-05 2.05499e-05 
7.38125e-05 -1.08765e-05 2.5e-06 
0.000136786 1.20713e-05 -2.5e-06 
2.42447e-05 -8.703450000000001e-06 6.26136e-06 
0.000144844 8.33322e-06 1.72182e-05 
0.000144844 3.47727e-06 2.64631e-05 
8.74014e-05 -6.30794e-06 -8.671829999999999e-06 
0.000143036 -1.15671e-05 -3.50147e-06 
0.000150844 -1.70434e-05 -2.24728e-07 
6.80237e-05 1.17174e-05 2.5e-06 
8.454299999999999e-05 -2.5e-06 -1.0457e-05 
9.21261e-05 -1.78091e-05 2.5e-06 
0.000144844 2.91527e-05 -3.7549e-06 
0.000127016 -1.48956e-05 2.5e-06 
0.000147065 1.09632e-05 3.21793e-05 
8.653610000000001e-05 6.02569e-06 8.868220000000001e-06 
5.6312e-05 -7.05856e-06 -8.07377e-06 
0.000114536 -2.34513e-05 -2.5e-06 
0.000107326 8.572780000000001e-06 6.44249e-06 
0.000133149 -2.36231e-05 2.5e-06 
0.000144844 2.24946e-05 -1.67275e-05 
8.533e-05 2.5e-06 -1.78729e-05 
0.000150844 -3.00835e-05 8.92989e-06 
3 395 94 626 
3 115 337 373 
3 47 395 626 
3 186 337 506 
3 337 741 506 
3 741 337 115 
3 217 800 627 
3 482 44 948 
3 216 883 646 
3 539 883 329 
3 57 883 184 
3 109 94 395 
3 109 186 94 
3 741 45 506 
3 861 217 627 
3 968 655 646 
3 968 861 655 
3 861 968 217 
3 991 93 34 
3 655 442 646 
3 442 216 646 
3 442 482 948 
3 482 442 655 
3 614 376 329 
3 53 614 159 
3 614 53 376 
3 539 693 883 
3 53 596 376 
3 376 596 329 
3 596 539 329 
3 596 38 539 
3 38 477 539 
3 139 85 881 
3 44 624 948 
3 624 85 948 
3 47 463 883 
3 463 47 626 
3 186 929 94 
3 977 53 881 
3 85 977 881 
3 482 734 44 
3 580 652 395 
3 47 580 395 
3 652 580 259 
3 580 57 184 
3 580 47 883 
3 57 580 883 
3 483 334 771 
3 337 483 373 
3 483 771 373 
3 334 847 800 
3 217 194 800 
3 194 334 800 
3 334 194 771 
3 968 194 217 
3 991 823 93 
3 93 823 627 
3 823 861 627 
3 861 823 655 
3 53 779 881 
3 779 53 159 
3 442 55 216 
3 614 55 159 
3 55 779 159 
3 779 55 881 
3 216 55 883 
3 55 139 881 
3 55 442 948 
3 85 55 948 
3 139 55 85 
3 883 69 184 
3 693 69 883 
3 311 596 53 
3 311 38 596 
3 624 547 85 
3 547 977 85 
3 547 624 44 
3 547 843 640 
3 977 547 640 
3 883 117 646 
3 117 968 646 
3 968 117 115 
3 117 741 115 
3 117 45 741 
3 45 117 506 
3 605 977 640 
3 977 605 53 
3 26 734 482 
3 26 482 655 
3 734 26 843 
3 26 991 396 
3 823 26 655 
3 26 823 991 
3 843 218 640 
3 241 218 843 
3 241 28 34 
3 991 28 396 
3 28 991 34 
3 28 241 843 
3 28 26 396 
3 26 28 843 
3 93 838 34 
3 838 93 627 
3 800 838 627 
3 847 838 800 
3 636 194 968 
3 636 115 373 
3 636 968 115 
3 771 636 373 
3 194 636 771 
3 883 772 329 
3 55 772 883 
3 772 614 329 
3 772 55 614 
3 69 667 184 
3 477 667 539 
3 667 693 539 
3 667 69 693 
3 667 477 259 
3 667 580 184 
3 580 667 259 
3 56 734 843 
3 547 56 843 
3 734 56 44 
3 56 547 44 
3 785 463 626 
3 463 785 883 
3 785 117 883 
3 94 785 626 
3 929 785 94 
3 785 929 479 
3 117 785 479 
3 117 318 506 
3 318 117 479 
3 929 318 479 
3 318 186 506 
3 318 929 186 
3 838 652 259 
3 838 477 38 
3 109 838 186 
3 186 838 337 
3 311 838 38 
3 605 838 53 
3 838 847 334 
3 652 838 395 
3 483 838 334 
3 838 109 395 
3 477 838 259 
3 838 241 34 
3 838 483 337 
3 838 218 241 
3 838 311 53 
3 838 605 640 
3 218 838 640 
Vertices and facets:
- p94(v18): 0.00015 7.6e-06 -3.3e-05
  neighbors: f65 f218 f219 f291 f430 f431
- p395(v8): 0.00015 -3.7e-06 -3.2e-05
  neighbors: f65 f117 f218 f307 f308 f446 f448
- p626(v3): 0.00014 -3.7e-06 -3.3e-05
  neighbors: f65 f117 f288 f427 f430
- p337(v19): 0.00015 2.9e-05 -1.7e-05
  neighbors: f74 f139 f141 f143 f316 f442 f451
- p115(v17): 0.00015 3.1e-05 -1.3e-05
  neighbors: f74 f143 f376 f380 f408 f409
- p373(v2): 0.00015 3.4e-05 5.7e-08
  neighbors: f74 f316 f317 f408 f410
- p47(v28): 0.00015 -1.6e-05 -3e-05
  neighbors: f117 f284 f288 f308 f312
- p186(v32): 0.00015 1.2e-05 -3e-05
  neighbors: f139 f219 f291 f437 f438 f441 f442
- p506(v7): 0.00015 2.2e-05 -2.6e-05
  neighbors: f139 f141 f221 f382 f434 f437
- p741(v33): 0.00014 2.9e-05 -1.6e-05
  neighbors: f141 f143 f221 f380 f381
- p217(v34): 1.4e-06 1e-05 2.2e-06
  neighbors: f144 f223 f230 f323 f326
- p800(v20): 0.00015 2.8e-05 2e-05
  neighbors: f144 f319 f323 f324 f405 f406
- p627(v9): 0.00014 2.5e-05 2.3e-05
  neighbors: f144 f223 f337 f338 f404 f405
- p482(v35): 3.5e-06 -3.6e-06 1e-05
  neighbors: f157 f244 f245 f301 f386 f387
- p44(v23): 0.00014 -1.5e-05 3.1e-05
  neighbors: f157 f275 f301 f365 f425 f426
- p948(v12): 4e-06 -5.5e-06 9.2e-06
  neighbors: f157 f244 f275 f276 f353 f354
- p216(v37): -1.6e-12 -8.7e-06 1.5e-07
  neighbors: f164 f243 f345 f351
- p883(v22): -1.5e-12 -8.1e-06 -7e-06
  neighbors: f164 f170 f206 f256 f284 f312 f313 f351 f356 f357 f372 f412 f413 f428 f429
- p646(v0): -2.3e-06 2.8e-07 -4e-07
  neighbors: f164 f227 f242 f243 f372 f373
- p539(v38): 0.00015 -3.2e-05 -1.1e-05
  neighbors: f170 f256 f261 f264 f270 f417 f418
- p329(v6): 0.00015 -3.4e-05 -1.9e-08
  neighbors: f170 f251 f260 f261 f412 f414
- p57(v45): 0.00015 -2.3e-05 -2.5e-05
  neighbors: f206 f311 f313
- p184(v16): 0.00015 -2.8e-05 -2e-05
  neighbors: f206 f311 f356 f416 f421
- p109(v48): 0.00015 3.8e-06 -3.2e-05
  neighbors: f218 f219 f441 f448
- p45(v49): 0.00014 2.4e-05 -2.2e-05
  neighbors: f221 f381 f382
- p861(v50): 2.4e-06 7.7e-06 7.4e-06
  neighbors: f223 f229 f230 f338 f339
- p968(v51): 3.2e-07 1.1e-05 8.2e-07
  neighbors: f227 f229 f230 f326 f373 f376 f407 f409
- p655(v21): -1.5e-12 1.7e-06 9.4e-06
  neighbors: f227 f229 f242 f245 f339 f387 f391
- p991(v52): 0.00015 1.1e-05 3.2e-05
  neighbors: f239 f336 f390 f392 f397 f398
- p93(v36): 0.00015 1.7e-05 3e-05
  neighbors: f239 f336 f337 f403 f404
- p34(v10): 0.00015 1.7e-05 2.9e-05
  neighbors: f239 f396 f398 f403 f450
- p442(v53): -1.5e-12 -8.2e-06 5.1e-06
  neighbors: f242 f243 f244 f245 f345 f353
- p614(v54): 0.00015 -3.4e-05 4.7e-06
  neighbors: f251 f252 f253 f346 f414 f415
- p376(v30): 0.00015 -3.4e-05 2e-06
  neighbors: f251 f253 f259 f260
- p53(v43): 0.00015 -3.1e-05 1.3e-05
  neighbors: f252 f253 f259 f295 f343 f344 f361 f385 f444 f453
- p159(v24): 0.00015 -3.3e-05 6.2e-06
  neighbors: f252 f344 f346 f347
- p693(v55): 0.00015 -3e-05 -1.5e-05
  neighbors: f256 f357 f418 f419
- p596(v56): 0.00015 -3.4e-05 -2.7e-06
  neighbors: f259 f260 f261 f264 f361 f362
- p38(v57): 0.00015 -3.3e-05 -6.5e-06
  neighbors: f264 f270 f362 f440 f443
- p477(v58): 0.00015 -3.2e-05 -7.2e-06
  neighbors: f270 f417 f420 f440 f449
- p139(v59): 0.00014 -2.8e-05 1.9e-05
  neighbors: f272 f352 f355
- p85(v39): 0.00015 -2e-05 2.8e-05
  neighbors: f272 f276 f296 f354 f355 f363 f364
- p881(v13): 0.00015 -2.9e-05 1.8e-05
  neighbors: f272 f295 f296 f343 f349 f352
- p624(v60): 0.00015 -1.7e-05 2.9e-05
  neighbors: f275 f276 f363 f365
- p463(v62): 5.9e-06 -4.3e-06 -9.8e-06
  neighbors: f284 f288 f427 f428
- p929(v63): 0.00015 8.7e-06 -3.3e-05
  neighbors: f291 f431 f432 f436 f438
- p977(v64): 0.00015 -2.7e-05 2.1e-05
  neighbors: f295 f296 f364 f367 f384 f385
- p734(v65): 0.00015 -1.2e-05 3.2e-05
  neighbors: f301 f386 f389 f423 f425
- p580(v67): 0.00015 -1.9e-05 -2.8e-05
  neighbors: f307 f308 f309 f311 f312 f313 f421 f422
- p652(v46): 0.00015 -1.8e-05 -2.6e-05
  neighbors: f307 f309 f439 f446
- p259(v29): 0.00015 -2.5e-05 -2e-05
  neighbors: f309 f420 f422 f439 f449
- p483(v68): 0.00015 3.1e-05 -1e-05
  neighbors: f315 f316 f317 f447 f451
- p334(v47): 0.00015 3.1e-05 1.2e-05
  neighbors: f315 f319 f324 f325 f445 f447
- p771(v31): 0.00015 3.4e-05 4e-06
  neighbors: f315 f317 f325 f410 f411
- p847(v69): 0.00015 2.6e-05 2.1e-05
  neighbors: f319 f406 f445
- p194(v70): 0.00015 3.3e-05 6e-06
  neighbors: f323 f324 f325 f326 f407 f411
- p823(v72): 2.8e-06 5.2e-06 9.4e-06
  neighbors: f336 f337 f338 f339 f391 f392
- p779(v73): 0.00015 -3.2e-05 1.2e-05
  neighbors: f343 f344 f347 f349
- p55(v74): 9.5e-07 -9.8e-06 4.3e-06
  neighbors: f345 f346 f347 f349 f351 f352 f353 f354 f355 f413 f415
- p69(v75): 0.00015 -2.9e-05 -1.7e-05
  neighbors: f356 f357 f416 f419
- p311(v76): 0.00015 -3.2e-05 9.3e-06
  neighbors: f361 f362 f443 f453
- p547(v77): 0.00015 -1.8e-05 2.9e-05
  neighbors: f363 f364 f365 f366 f367 f424 f426
- p843(v44): 0.00015 -1.1e-05 3.2e-05
  neighbors: f366 f389 f394 f395 f399 f401 f423 f424
- p640(v27): 0.00015 -2.4e-05 2.2e-05
  neighbors: f366 f367 f384 f394 f454 f455
- p117(v78): -1.5e-12 5.2e-06 -9e-06
  neighbors: f372 f373 f376 f380 f381 f382 f429 f433 f434 f435
- p605(v79): 0.00015 -2.7e-05 2e-05
  neighbors: f384 f385 f444 f454
- p26(v80): 0.00014 -1.6e-06 3.4e-05
  neighbors: f386 f387 f389 f390 f391 f392 f400 f401
- p396(v5): 0.00015 -9.2e-07 3.4e-05
  neighbors: f390 f397 f400
- p218(v81): 0.00015 -1.7e-05 2.5e-05
  neighbors: f394 f395 f452 f455
- p241(v66): 0.00015 -3.2e-07 3e-05
  neighbors: f395 f396 f399 f450 f452
- p28(v82): 0.00015 -1.8e-06 3.4e-05
  neighbors: f396 f397 f398 f399 f400 f401
- p838(v83): 0.00015 2.1e-05 2.7e-05
  neighbors: f403 f404 f405 f406 f439 f440 f441 f442 f443 f444 f445 f446 f447 f448 f449 f450 f451 f452 f453 f454 f455
- p636(v84): 0.00015 3.4e-05 1.4e-06
  neighbors: f407 f408 f409 f410 f411
- p772(v85): 2.3e-06 -1e-05 3.6e-06
  neighbors: f412 f413 f414 f415
- p667(v86): 0.00015 -2.8e-05 -1.9e-05
  neighbors: f416 f417 f418 f419 f420 f421 f422
- p56(v87): 0.00015 -1.2e-05 3.2e-05
  neighbors: f423 f424 f425 f426
- p785(v88): 1.2e-06 2.2e-06 -1e-05
  neighbors: f427 f428 f429 f430 f431 f432 f433
- p479(v42): 0.00015 1.3e-05 -3.2e-05
  neighbors: f432 f433 f435 f436
- p318(v89): 0.00015 1.7e-05 -2.9e-05
  neighbors: f434 f435 f436 f437 f438
- f65
    - flags: bottom simplicial
    - normal:    0.2664 -0.08244  -0.9603
    - offset: -7.099662e-05
    - center: 0.0001483636666666667 4.701333333333412e-08 -3.278319999999999e-05 
    - vertices: p94(v18) p395(v8) p626(v3)
    - neighboring facets: f117 f430 f218
- f74
    - flags: bottom simplicial tested
    - normal:    0.5849   0.7807  -0.2199
    - offset: -0.0001145121
    - center: 0.0001500816666666667 3.13748e-05 -1.017059563333333e-05 
    - vertices: p337(v19) p115(v17) p373(v2)
    - neighboring facets: f408 f316 f143
- f117
    - flags: top simplicial
    - normal:    0.2627  -0.1926  -0.9455
    - offset: -7.038209e-05
    - center: 0.0001481603333333333 -7.962576666666666e-06 -3.16521e-05 
    - vertices: p47(v28) p395(v8) p626(v3)
    - neighboring facets: f65 f288 f308
- f139
    - flags: top simplicial tested seen
    - normal:    0.4735   0.5345  -0.7001
    - offset: -9.903186e-05
    - center: 0.0001492186666666667 2.088383333333334e-05 -2.459446666666667e-05 
    - vertices: p186(v32) p337(v19) p506(v7)
    - neighboring facets: f141 f437 f442
    - ridges:
- f141
    - flags: bottom simplicial
    - normal:   -0.1395   0.8039  -0.5782
    - offset: -1.218074e-05
    - vertices: p741(v33) p337(v19) p506(v7)
    - neighboring facets: f139 f221 f143
- f143
    - flags: top simplicial
    - normal:   -0.1321   0.8254  -0.5489
    - offset: -1.339965e-05
    - vertices: p741(v33) p337(v19) p115(v17)
    - neighboring facets: f74 f380 f141
- f144
    - flags: top simplicial
    - normal:    -0.156   0.8649   0.4772
    - offset: -9.916815e-06
    - center: 9.885170666666669e-05 2.097016666666667e-05 1.508410666666667e-05 
    - vertices: p217(v34) p800(v20) p627(v9)
    - neighboring facets: f405 f223 f323
- f157
    - flags: top simplicial
    - normal:   -0.1629  -0.4506   0.8777
    - offset: -9.909428e-06
    - center: 5.081601333333333e-05 -7.86687e-06 1.668181666666667e-05 
    - vertices: p482(v35) p44(v23) p948(v12)
    - neighboring facets: f275 f244 f301
- f164
    - flags: top simplicial
    - normal:   -0.9697  -0.2436 -0.02084
    - offset: -2.121658e-06
    - vertices: p216(v37) p883(v22) p646(v0)
    - neighboring facets: f372 f243 f351
- f170
    - flags: top simplicial tested
    - normal:    -0.161  -0.9657  -0.2037
    - offset: -9.254747e-06
    - center: 9.859099949137332e-05 -2.474638e-05 -6.028243933333333e-06 
    - vertices: p539(v38) p883(v22) p329(v6)
    - neighboring facets: f412 f261 f256
- f206
    - flags: top simplicial
    - normal:   -0.1543  -0.7718  -0.6168
    - offset: -1.055644e-05
    - center: 9.852699949137333e-05 -1.963931333333334e-05 -1.718669666666667e-05 
    - vertices: p57(v45) p883(v22) p184(v16)
    - neighboring facets: f356 f311 f313
- f218
    - flags: top simplicial tested seen
    - normal:     0.757  0.01738  -0.6532
    - offset: -0.0001348731
    - center: 0.0001503636666666667 2.543936666666666e-06 -3.216303333333334e-05 
    - vertices: p109(v48) p94(v18) p395(v8)
    - neighboring facets: f65 f448 f219
    - ridges:
- f219
    - flags: top simplicial tested seen
    - normal:    0.8387  0.09604  -0.5361
    - offset: -0.0001437945
    - center: 0.0001503636666666667 7.883610000000001e-06 -3.158603333333334e-05 
    - vertices: p109(v48) p186(v32) p94(v18)
    - neighboring facets: f291 f218 f441
    - ridges:
- f221
    - flags: bottom simplicial
    - normal:   -0.1495   0.8022  -0.5781
    - offset: -1.068441e-05
    - vertices: p45(v49) p741(v33) p506(v7)
    - neighboring facets: f141 f382 f381
- f223
    - flags: top simplicial
    - normal:   -0.1566   0.8608   0.4842
    - offset: -9.889316e-06
    - vertices: p861(v50) p217(v34) p627(v9)
    - neighboring facets: f144 f338 f230
- f227
    - flags: top simplicial
    - normal:   -0.9582   0.2146   0.1893
    - offset: -2.140853e-06
    - vertices: p968(v51) p655(v21) p646(v0)
    - neighboring facets: f242 f373 f229
- f229
    - flags: top simplicial
    - normal:   -0.7787   0.4472   0.4401
    - offset: -4.891419e-06
    - vertices: p968(v51) p861(v50) p655(v21)
    - neighboring facets: f339 f227 f230
- f230
    - flags: bottom simplicial
    - normal:   -0.4995   0.7231   0.4771
    - offset: -7.96138e-06
    - vertices: p968(v51) p861(v50) p217(v34)
    - neighboring facets: f223 f326 f229
- f239
    - flags: top simplicial
    - normal:    0.4261   0.2491   0.8697
    - offset: -9.338325e-05
    - center: 0.0001489336666666667 1.47997e-05 3.016513333333332e-05 
    - vertices: p991(v52) p93(v36) p34(v10)
    - neighboring facets: f403 f398 f336
- f242
    - flags: bottom simplicial
    - normal:   -0.9663  -0.1034   0.2358
    - offset: -2.051306e-06
    - vertices: p442(v53) p655(v21) p646(v0)
    - neighboring facets: f227 f243 f245
- f243
    - flags: top simplicial
    - normal:   -0.9702   -0.241  0.02317
    - offset: -2.106172e-06
    - vertices: p442(v53) p216(v37) p646(v0)
    - neighboring facets: f164 f242 f345
- f244
    - flags: top simplicial
    - normal:   -0.4612  -0.4651   0.7556
    - offset: -7.675275e-06
    - vertices: p442(v53) p482(v35) p948(v12)
    - neighboring facets: f157 f353 f245
- f245
    - flags: bottom simplicial
    - normal:    -0.612  -0.3177   0.7243
    - offset: -6.300258e-06
    - vertices: p442(v53) p482(v35) p655(v21)
    - neighboring facets: f387 f242 f244
- f251
    - flags: top simplicial
    - normal:  -0.04514   -0.997  0.06226
    - offset: -2.728388e-05
    - center: 0.0001466643333333333 -3.386723333333333e-05 2.2179194e-06 
    - vertices: p614(v54) p376(v30) p329(v6)
    - neighboring facets: f260 f414 f253
- f252
    - flags: bottom simplicial
    - normal:    0.1118  -0.9715    0.209
    - offset: -4.997729e-05
    - vertices: p614(v54) p53(v43) p159(v24)
    - neighboring facets: f344 f346 f253
- f253
    - flags: top simplicial
    - normal:    0.1287  -0.9716   0.1988
    - offset: -5.238659e-05
    - center: 0.0001481143333333333 -3.293836666666667e-05 6.669566666666668e-06 
    - vertices: p614(v54) p53(v43) p376(v30)
    - neighboring facets: f259 f251 f252
- f256
    - flags: bottom simplicial
    - normal:    -0.158  -0.9211  -0.3559
    - offset: -9.951646e-06
    - center: 9.917533282470666e-05 -2.349694666666666e-05 -1.118773e-05 
    - vertices: p693(v55) p539(v38) p883(v22)
    - neighboring facets: f170 f357 f418
- f259
    - flags: bottom simplicial tested
    - normal:    0.3917  -0.9128   0.1155
    - offset: -8.912165e-05
    - center: 0.0001493543333333333 -3.300983333333334e-05 4.188216666666668e-06 
    - vertices: p596(v56) p53(v43) p376(v30)
    - neighboring facets: f253 f260 f361
- f260
    - flags: bottom simplicial tested
    - normal:   0.04316  -0.9991 0.001755
    - offset: -4.029039e-05
    - center: 0.0001479043333333333 -3.393869999999999e-05 -2.634306e-07 
    - vertices: p596(v56) p376(v30) p329(v6)
    - neighboring facets: f251 f261 f259
- f261
    - flags: top simplicial tested
    - normal:   -0.1497   -0.968  -0.2013
    - offset: -1.098254e-05
    - center: 0.0001483803333333333 -3.333453333333333e-05 -4.6187406e-06 
    - vertices: p596(v56) p539(v38) p329(v6)
    - neighboring facets: f170 f260 f264
- f264
    - flags: bottom simplicial tested
    - normal:    0.2707  -0.9416  -0.2002
    - offset: -7.288406e-05
    - center: 0.0001498303333333333 -3.288513333333333e-05 -6.783956666666666e-06 
    - vertices: p38(v57) p596(v56) p539(v38)
    - neighboring facets: f261 f270 f362
- f270
    - flags: bottom simplicial tested seen
    - normal:    0.3586  -0.9057   -0.226
    - offset: -8.513091e-05
    - center: 0.0001503223333333333 -3.241473333333333e-05 -8.288759999999998e-06 
    - vertices: p477(v58) p38(v57) p539(v38)
    - neighboring facets: f264 f417 f440
    - ridges:
- f272
    - flags: top simplicial
    - normal:   -0.1408  -0.7297   0.6691
    - offset: -1.237409e-05
    - center: 0.000146093 -2.535406666666666e-05 2.158243333333333e-05 
    - vertices: p139(v59) p85(v39) p881(v13)
    - neighboring facets: f296 f352 f355
- f275
    - flags: bottom simplicial
    - normal:   -0.1617  -0.5087   0.8456
    - offset: -9.936944e-06
    - vertices: p624(v60) p44(v23) p948(v12)
    - neighboring facets: f157 f276 f365
- f276
    - flags: top simplicial
    - normal:   -0.1616  -0.5372   0.8278
    - offset: -9.929885e-06
    - vertices: p624(v60) p85(v39) p948(v12)
    - neighboring facets: f354 f275 f363
- f284
    - flags: bottom simplicial
    - normal:   -0.1603  -0.4235  -0.8916
    - offset: -9.641815e-06
    - center: 5.155041282470667e-05 -9.628616666666666e-06 -1.550654666666667e-05 
    - vertices: p463(v62) p47(v28) p883(v22)
    - neighboring facets: f312 f428 f288
- f288
    - flags: top simplicial
    - normal:   -0.1574  -0.3199  -0.9343
    - offset: -9.628708e-06
    - vertices: p463(v62) p47(v28) p626(v3)
    - neighboring facets: f117 f427 f284
- f291
    - flags: bottom simplicial
    - normal:    0.3062   0.4553   -0.836
    - offset: -7.69139e-05
    - vertices: p929(v63) p186(v32) p94(v18)
    - neighboring facets: f219 f431 f438
- f295
    - flags: top simplicial tested
    - normal:   0.08072   -0.862   0.5005
    - offset: -4.575477e-05
    - center: 0.000149511 -2.898756666666667e-05 1.73835e-05 
    - vertices: p977(v64) p53(v43) p881(v13)
    - neighboring facets: f343 f296 f385
- f296
    - flags: bottom simplicial tested
    - normal:   -0.1386  -0.7297   0.6695
    - offset: -1.270208e-05
    - center: 0.000147879 -2.516033333333333e-05 2.216613333333333e-05 
    - vertices: p977(v64) p85(v39) p881(v13)
    - neighboring facets: f272 f295 f364
- f301
    - flags: bottom simplicial
    - normal:   -0.1595  -0.2747   0.9482
    - offset: -1.000508e-05
    - vertices: p734(v65) p482(v35) p44(v23)
    - neighboring facets: f157 f425 f386
- f307
    - flags: top simplicial tested seen
    - normal:    0.8308  -0.2144  -0.5135
    - offset: -0.0001424401
    - center: 0.0001502523333333333 -1.336114e-05 -2.869953333333334e-05 
    - vertices: p580(v67) p652(v46) p395(v8)
    - neighboring facets: f446 f308 f309
    - ridges:
- f308
    - flags: bottom simplicial tested
    - normal:    0.8238   -0.216   -0.524
    - offset: -0.0001417239
    - center: 0.0001495686666666667 -1.295387333333334e-05 -2.996743333333335e-05 
    - vertices: p580(v67) p47(v28) p395(v8)
    - neighboring facets: f117 f307 f312
- f309
    - flags: bottom simplicial tested seen
    - normal:    0.8187   -0.373  -0.4366
    - offset: -0.0001414085
    - center: 0.0001502523333333333 -2.047366666666667e-05 -2.46546e-05 
    - vertices: p580(v67) p652(v46) p259(v29)
    - neighboring facets: f439 f422 f307
    - ridges:
- f311
    - flags: top simplicial tested
    - normal:    0.2482   -0.677  -0.6929
    - offset: -6.933581e-05
    - center: 0.0001482166666666667 -2.317063333333333e-05 -2.43271e-05 
    - vertices: p580(v67) p57(v45) p184(v16)
    - neighboring facets: f206 f421 f313
- f312
    - flags: top simplicial tested
    - normal:   -0.1575  -0.5243  -0.8368
    - offset: -1.007887e-05
    - center: 9.928733282470665e-05 -1.442247999999999e-05 -2.169632999999999e-05 
    - vertices: p580(v67) p47(v28) p883(v22)
    - neighboring facets: f284 f313 f308
- f313
    - flags: bottom simplicial tested
    - normal:   -0.1568   -0.555   -0.817
    - offset: -1.018931e-05
    - center: 9.859833282470664e-05 -1.662128e-05 -2.010993e-05 
    - vertices: p580(v67) p57(v45) p883(v22)
    - neighboring facets: f206 f312 f311
- f315
    - flags: top simplicial tested seen
    - normal:    0.9999  0.01205 -2.548e-05
    - offset: -0.0001512037
    - center: 0.000150832 3.176063333333333e-05 1.868683333333333e-06 
    - vertices: p483(v68) p334(v47) p771(v31)
    - neighboring facets: f325 f317 f447
    - ridges:
- f316
    - flags: bottom simplicial tested seen
    - normal:    0.6103   0.7627  -0.2139
    - offset: -0.0001177256
    - center: 0.0001507036666666667 3.115959999999999e-05 -9.270028966666665e-06 
    - vertices: p483(v68) p337(v19) p373(v2)
    - neighboring facets: f74 f317 f451
    - ridges:
- f317
    - flags: top simplicial tested
    - normal:    0.9357   0.3458 -0.07037
    - offset: -0.0001524993
    - center: 0.0001506916666666667 3.283186666666667e-05 -2.110578966666667e-06 
    - vertices: p483(v68) p771(v31) p373(v2)
    - neighboring facets: f410 f316 f315
- f319
    - flags: bottom simplicial tested seen
    - normal:    0.7919   0.5438   0.2777
    - offset: -0.0001395324
    - center: 0.000150651 2.821643333333333e-05 1.757623333333333e-05 
    - vertices: p847(v69) p334(v47) p800(v20)
    - neighboring facets: f324 f406 f445
    - ridges:
- f323
    - flags: bottom simplicial
    - normal:    -0.152   0.8993     0.41
    - offset: -1.013557e-05
    - vertices: p194(v70) p217(v34) p800(v20)
    - neighboring facets: f144 f324 f326
- f324
    - flags: top simplicial
    - normal:   0.06435   0.9243   0.3761
    - offset: -4.267462e-05
    - vertices: p194(v70) p334(v47) p800(v20)
    - neighboring facets: f319 f323 f325
- f325
    - flags: bottom simplicial
    - normal:    0.1249   0.9305   0.3444
    - offset: -5.162011e-05
    - vertices: p194(v70) p334(v47) p771(v31)
    - neighboring facets: f315 f411 f324
- f326
    - flags: bottom simplicial
    - normal:   -0.1566   0.9547   0.2528
    - offset: -1.036401e-05
    - vertices: p194(v70) p968(v51) p217(v34)
    - neighboring facets: f230 f323 f407
- f336
    - flags: bottom simplicial
    - normal:   -0.1572   0.4444   0.8819
    - offset: -1.013712e-05
    - vertices: p823(v72) p991(v52) p93(v36)
    - neighboring facets: f239 f337 f392
- f337
    - flags: bottom simplicial
    - normal:   -0.1567   0.5585   0.8146
    - offset: -1.01015e-05
    - center: 9.888053333333335e-05 1.550599333333334e-05 2.078999333333334e-05 
    - vertices: p823(v72) p93(v36) p627(v9)
    - neighboring facets: f404 f338 f336
- f338
    - flags: top simplicial
    - normal:   -0.1585    0.585   0.7954
    - offset: -1.005478e-05
    - vertices: p823(v72) p861(v50) p627(v9)
    - neighboring facets: f223 f337 f339
- f339
    - flags: bottom simplicial
    - normal:   -0.5479   0.4463   0.7076
    - offset: -7.411333e-06
    - vertices: p823(v72) p861(v50) p655(v21)
    - neighboring facets: f229 f391 f338
- f343
    - flags: bottom simplicial
    - normal:  -0.01823  -0.8932   0.4492
    - offset: -3.112074e-05
    - vertices: p779(v73) p53(v43) p881(v13)
    - neighboring facets: f295 f349 f344
- f344
    - flags: top simplicial
    - normal:   0.05042  -0.9651   0.2569
    - offset: -4.115548e-05
    - vertices: p779(v73) p53(v43) p159(v24)
    - neighboring facets: f252 f347 f343
- f345
    - flags: bottom simplicial
    - normal:   -0.8417  -0.5375  0.05166
    - offset: -4.696402e-06
    - vertices: p55(v74) p442(v53) p216(v37)
    - neighboring facets: f243 f351 f353
- f346
    - flags: bottom simplicial
    - normal:   -0.1622  -0.9827  0.08911
    - offset: -9.877497e-06
    - vertices: p55(v74) p614(v54) p159(v24)
    - neighboring facets: f252 f347 f415
- f347
    - flags: top simplicial
    - normal:   -0.1585  -0.9449   0.2864
    - offset: -1.03599e-05
    - vertices: p55(v74) p779(v73) p159(v24)
    - neighboring facets: f344 f346 f349
- f349
    - flags: bottom simplicial
    - normal:   -0.1565  -0.8688   0.4699
    - offset: -1.040494e-05
    - vertices: p55(v74) p779(v73) p881(v13)
    - neighboring facets: f343 f352 f347
- f351
    - flags: bottom simplicial
    - normal:   -0.6107   -0.789 -0.06749
    - offset: -6.872536e-06
    - vertices: p55(v74) p216(v37) p883(v22)
    - neighboring facets: f164 f413 f345
- f352
    - flags: top simplicial
    - normal:   -0.1577  -0.7563    0.635
    - offset: -1.00108e-05
    - vertices: p55(v74) p139(v59) p881(v13)
    - neighboring facets: f272 f349 f355
- f353
    - flags: top simplicial
    - normal:   -0.3589  -0.5783   0.7327
    - offset: -8.492201e-06
    - vertices: p55(v74) p442(v53) p948(v12)
    - neighboring facets: f244 f354 f345
- f354
    - flags: bottom simplicial
    - normal:   -0.1611  -0.6882   0.7075
    - offset: -9.651325e-06
    - vertices: p55(v74) p85(v39) p948(v12)
    - neighboring facets: f276 f353 f355
- f355
    - flags: bottom simplicial
    - normal:   -0.1575  -0.7268   0.6686
    - offset: -9.866376e-06
    - vertices: p55(v74) p139(v59) p85(v39)
    - neighboring facets: f272 f354 f352
- f356
    - flags: bottom simplicial
    - normal:   -0.1551  -0.8178  -0.5542
    - offset: -1.049373e-05
    - center: 9.904633282470665e-05 -2.178694666666667e-05 -1.449506333333333e-05 
    - vertices: p69(v75) p883(v22) p184(v16)
    - neighboring facets: f206 f416 f357
- f357
    - flags: bottom simplicial
    - normal:   -0.1567  -0.8664  -0.4741
    - offset: -1.033066e-05
    - center: 9.884366615804e-05 -2.261611333333333e-05 -1.312383e-05 
    - vertices: p69(v75) p693(v55) p883(v22)
    - neighboring facets: f256 f356 f419
- f361
    - flags: top simplicial tested seen
    - normal:    0.6562  -0.7519  0.06454
    - offset: -0.0001233049
    - center: 0.000150352 -3.221813333333332e-05 6.623516666666664e-06 
    - vertices: p311(v76) p596(v56) p53(v43)
    - neighboring facets: f259 f453 f362
    - ridges:
- f362
    - flags: top simplicial tested seen
    - normal:    0.7096   -0.703  0.04851
    - offset: -0.0001296717
    - center: 0.000150352 -3.26976e-05 6.653333333332691e-09 
    - vertices: p311(v76) p38(v57) p596(v56)
    - neighboring facets: f264 f361 f443
    - ridges:
- f363
    - flags: bottom simplicial
    - normal:  -0.01094  -0.5455   0.8381
    - offset: -3.236736e-05
    - vertices: p547(v77) p624(v60) p85(v39)
    - neighboring facets: f276 f364 f365
- f364
    - flags: top simplicial
    - normal:     0.163  -0.6368   0.7536
    - offset: -5.721928e-05
    - vertices: p547(v77) p977(v64) p85(v39)
    - neighboring facets: f296 f363 f367
- f365
    - flags: top simplicial
    - normal:   0.02833  -0.4619   0.8865
    - offset: -3.805776e-05
    - vertices: p547(v77) p624(v60) p44(v23)
    - neighboring facets: f275 f426 f363
- f366
    - flags: top simplicial
    - normal:    0.5775  -0.4387   0.6885
    - offset: -0.0001129156
    - center: 0.0001490876666666667 -1.76845e-05 2.767976666666666e-05 
    - vertices: p547(v77) p843(v44) p640(v27)
    - neighboring facets: f394 f367 f424
- f367
    - flags: bottom simplicial
    - normal:    0.5178   -0.486    0.704
    - offset: -0.0001054113
    - center: 0.000149507 -2.31631e-05 2.37684e-05 
    - vertices: p547(v77) p977(v64) p640(v27)
    - neighboring facets: f384 f366 f364
- f372
    - flags: bottom simplicial
    - normal:   -0.9604 -0.04213  -0.2754
    - offset: -2.258613e-06
    - vertices: p117(v78) p883(v22) p646(v0)
    - neighboring facets: f164 f373 f429
- f373
    - flags: top simplicial
    - normal:    -0.962   0.2506  -0.1085
    - offset: -2.277987e-06
    - vertices: p117(v78) p968(v51) p646(v0)
    - neighboring facets: f227 f372 f376
- f376
    - flags: bottom simplicial
    - normal:   -0.1648    0.863  -0.4775
    - offset: -8.778854e-06
    - vertices: p117(v78) p968(v51) p115(v17)
    - neighboring facets: f409 f380 f373
- f380
    - flags: top simplicial
    - normal:   -0.1617   0.8391  -0.5194
    - offset: -9.031397e-06
    - vertices: p117(v78) p741(v33) p115(v17)
    - neighboring facets: f143 f376 f381
- f381
    - flags: top simplicial
    - normal:   -0.1583    0.801  -0.5773
    - offset: -9.35453e-06
    - vertices: p117(v78) p45(v49) p741(v33)
    - neighboring facets: f221 f380 f382
- f382
    - flags: bottom simplicial
    - normal:   -0.1583   0.7998   -0.579
    - offset: -9.363381e-06
    - vertices: p117(v78) p45(v49) p506(v7)
    - neighboring facets: f221 f434 f381
- f384
    - flags: top simplicial tested seen
    - normal:    0.7467  -0.4386   0.5001
    - offset: -0.0001343128
    - center: 0.00015063 -2.619669999999999e-05 2.068939999999999e-05 
    - vertices: p605(v79) p977(v64) p640(v27)
    - neighboring facets: f367 f454 f385
    - ridges:
- f385
    - flags: bottom simplicial tested seen
    - normal:    0.6505  -0.6328     0.42
    - offset: -0.0001234778
    - center: 0.00015063 -2.844163333333334e-05 1.784233333333334e-05 
    - vertices: p605(v79) p977(v64) p53(v43)
    - neighboring facets: f295 f444 f384
    - ridges:
- f386
    - flags: top simplicial
    - normal:   -0.1584  -0.2122   0.9643
    - offset: -9.948616e-06
    - vertices: p26(v80) p734(v65) p482(v35)
    - neighboring facets: f301 f387 f389
- f387
    - flags: top simplicial
    - normal:   -0.1653  0.01721   0.9861
    - offset: -9.324703e-06
    - vertices: p26(v80) p482(v35) p655(v21)
    - neighboring facets: f245 f391 f386
- f389
    - flags: bottom simplicial
    - normal:  -0.09335  -0.2004   0.9753
    - offset: -1.971575e-05
    - center: 0.0001469413333333333 -8.027516666666669e-06 3.263083333333333e-05 
    - vertices: p26(v80) p734(v65) p843(v44)
    - neighboring facets: f423 f401 f386
- f390
    - flags: top simplicial
    - normal:   -0.1055   0.1427   0.9841
    - offset: -1.772461e-05
    - center: 0.000146592 2.826535666666667e-06 3.330803333333333e-05 
    - vertices: p26(v80) p991(v52) p396(v5)
    - neighboring facets: f397 f400 f392
- f391
    - flags: bottom simplicial
    - normal:   -0.1609    0.143   0.9766
    - offset: -9.443629e-06
    - vertices: p26(v80) p823(v72) p655(v21)
    - neighboring facets: f339 f387 f392
- f392
    - flags: top simplicial
    - normal:   -0.1603   0.1513   0.9754
    - offset: -9.477771e-06
    - vertices: p26(v80) p823(v72) p991(v52)
    - neighboring facets: f336 f390 f391
- f394
    - flags: bottom simplicial tested seen
    - normal:    0.9279  -0.1343   0.3479
    - offset: -0.0001508608
    - center: 0.0001502106666666667 -1.73043e-05 2.633610000000001e-05 
    - vertices: p218(v81) p843(v44) p640(v27)
    - neighboring facets: f366 f455 f395
    - ridges:
- f395
    - flags: bottom simplicial tested seen
    - normal:     0.939  -0.1059   0.3273
    - offset: -0.000151549
    - center: 0.0001502106666666666 -9.251881666666665e-06 2.91014e-05 
    - vertices: p218(v81) p241(v66) p843(v44)
    - neighboring facets: f399 f394 f452
    - ridges:
- f396
    - flags: bottom simplicial tested seen
    - normal:    0.9103  0.03682   0.4123
    - offset: -0.000149741
    - center: 0.000150294 4.928255e-06 3.091863333333333e-05 
    - vertices: p28(v82) p241(v66) p34(v10)
    - neighboring facets: f450 f398 f399
    - ridges:
- f397
    - flags: bottom simplicial tested
    - normal:    0.1317   0.1578   0.9786
    - offset: -5.259786e-05
    - center: 0.000148042 2.763222333333334e-06 3.33702e-05 
    - vertices: p28(v82) p991(v52) p396(v5)
    - neighboring facets: f390 f400 f398
- f398
    - flags: top simplicial tested
    - normal:     0.486   0.1994   0.8509
    - offset: -0.0001010406
    - center: 0.0001490343333333333 8.689503333333337e-06 3.158733333333334e-05 
    - vertices: p28(v82) p991(v52) p34(v10)
    - neighboring facets: f239 f396 f397
- f399
    - flags: top simplicial tested
    - normal:    0.9248  -0.0948   0.3686
    - offset: -0.0001506454
    - center: 0.0001496606666666667 -4.241878333333335e-06 3.213373333333333e-05 
    - vertices: p28(v82) p241(v66) p843(v44)
    - neighboring facets: f395 f401 f396
- f400
    - flags: top simplicial tested
    - normal:  -0.04802  -0.1271   0.9907
    - offset: -2.668773e-05
    - center: 0.0001473016666666667 -1.413327666666667e-06 3.389626666666667e-05 
    - vertices: p28(v82) p26(v80) p396(v5)
    - neighboring facets: f390 f397 f401
- f401
    - flags: bottom simplicial tested
    - normal:  -0.05005  -0.1819    0.982
    - offset: -2.618717e-05
    - center: 0.0001476606666666667 -4.657179999999999e-06 3.33285e-05 
    - vertices: p28(v82) p26(v80) p843(v44)
    - neighboring facets: f389 f399 f400
- f403
    - flags: bottom simplicial tested seen
    - normal:    0.3844   0.3985   0.8327
    - offset: -8.855453e-05
    - center: 0.0001501933333333333 1.817216666666667e-05 2.831196666666667e-05 
    - vertices: p838(v83) p93(v36) p34(v10)
    - neighboring facets: f239 f450 f404
    - ridges:
- f404
    - flags: top simplicial tested
    - normal:  -0.08814   0.5851   0.8061
    - offset: -2.049917e-05
    - center: 0.000148222 2.079670000000001e-05 2.65392e-05 
    - vertices: p838(v83) p93(v36) p627(v9)
    - neighboring facets: f337 f405 f403
- f405
    - flags: bottom simplicial tested
    - normal:   0.06369   0.7236   0.6873
    - offset: -4.315644e-05
    - center: 0.0001486796666666667 2.449906666666666e-05 2.322163333333333e-05 
    - vertices: p838(v83) p800(v20) p627(v9)
    - neighboring facets: f144 f404 f406
- f406
    - flags: bottom simplicial tested seen
    - normal:    0.3897   0.6814   0.6196
    - offset: -8.964447e-05
    - center: 0.000150651 2.498123333333334e-05 2.245136666666667e-05 
    - vertices: p838(v83) p847(v69) p800(v20)
    - neighboring facets: f319 f405 f445
    - ridges:
- f407
    - flags: top simplicial
    - normal:   -0.1566   0.9719   0.1759
    - offset: -1.048367e-05
    - vertices: p636(v84) p194(v70) p968(v51)
    - neighboring facets: f326 f409 f411
- f408
    - flags: top simplicial
    - normal:  -0.05606   0.9803  -0.1891
    - offset: -2.48887e-05
    - vertices: p636(v84) p115(v17) p373(v2)
    - neighboring facets: f74 f410 f409
- f409
    - flags: top simplicial
    - normal:   -0.1541   0.9653  -0.2107
    - offset: -1.009566e-05
    - vertices: p636(v84) p968(v51) p115(v17)
    - neighboring facets: f376 f408 f407
- f410
    - flags: bottom simplicial
    - normal:   0.00898   0.9981  0.06094
    - offset: -3.528953e-05
    - vertices: p636(v84) p771(v31) p373(v2)
    - neighboring facets: f317 f408 f411
- f411
    - flags: bottom simplicial
    - normal:   -0.0187   0.9929   0.1177
    - offset: -3.116445e-05
    - vertices: p636(v84) p194(v70) p771(v31)
    - neighboring facets: f325 f410 f407
- f412
    - flags: bottom simplicial
    - normal:   -0.1653  -0.9751  -0.1477
    - offset: -8.941077e-06
    - vertices: p772(v85) p883(v22) p329(v6)
    - neighboring facets: f170 f414 f413
- f413
    - flags: bottom simplicial
    - normal:   -0.2656  -0.9563   -0.122
    - offset: -8.610071e-06
    - vertices: p772(v85) p55(v74) p883(v22)
    - neighboring facets: f351 f412 f415
- f414
    - flags: top simplicial
    - normal:   -0.1624  -0.9859  0.04052
    - offset: -9.731418e-06
    - vertices: p772(v85) p614(v54) p329(v6)
    - neighboring facets: f251 f412 f415
- f415
    - flags: top simplicial
    - normal:   -0.1623  -0.9831  0.08433
    - offset: -9.860876e-06
    - vertices: p772(v85) p55(v74) p614(v54)
    - neighboring facets: f346 f414 f413
- f416
    - flags: bottom simplicial tested
    - normal:   -0.1099  -0.8274  -0.5507
    - offset: -1.741944e-05
    - center: 0.000148721 -2.844363333333333e-05 -1.85622e-05 
    - vertices: p667(v86) p69(v75) p184(v16)
    - neighboring facets: f356 f421 f419
- f417
    - flags: bottom simplicial tested
    - normal:    0.6972  -0.6317  -0.3389
    - offset: -0.0001281333
    - center: 0.0001497156666666667 -3.089286666666665e-05 -1.250422999999999e-05 
    - vertices: p667(v86) p477(v58) p539(v38)
    - neighboring facets: f270 f418 f420
- f418
    - flags: top simplicial tested
    - normal:    0.3109  -0.8456  -0.4339
    - offset: -7.838896e-05
    - center: 0.00014885 -3.015363333333333e-05 -1.525486666666667e-05 
    - vertices: p667(v86) p693(v55) p539(v38)
    - neighboring facets: f256 f417 f419
- f419
    - flags: top simplicial tested
    - normal:    0.2248   -0.859    -0.46
    - offset: -6.644637e-05
    - center: 0.0001485183333333333 -2.92728e-05 -1.719096666666666e-05 
    - vertices: p667(v86) p69(v75) p693(v55)
    - neighboring facets: f357 f418 f416
- f420
    - flags: top simplicial tested seen
    - normal:    0.7921  -0.5237  -0.3136
    - offset: -0.0001387544
    - center: 0.0001502373333333334 -2.853369999999999e-05 -1.534809666666666e-05 
    - vertices: p667(v86) p477(v58) p259(v29)
    - neighboring facets: f449 f422 f417
    - ridges:
- f421
    - flags: top simplicial tested
    - normal:    0.4866  -0.6137  -0.6218
    - offset: -0.0001016624
    - center: 0.0001489826666666666 -2.48527e-05 -2.23842e-05 
    - vertices: p667(v86) p580(v67) p184(v16)
    - neighboring facets: f311 f416 f422
- f422
    - flags: bottom simplicial tested
    - normal:    0.7029  -0.5004  -0.5055
    - offset: -0.0001284889
    - center: 0.0001496456666666666 -2.394726666666667e-05 -2.23932e-05 
    - vertices: p667(v86) p580(v67) p259(v29)
    - neighboring facets: f309 f420 f421
- f423
    - flags: top simplicial
    - normal:  0.005771  -0.3428   0.9394
    - offset: -3.483718e-05
    - vertices: p56(v87) p734(v65) p843(v44)
    - neighboring facets: f389 f424 f425
- f424
    - flags: bottom simplicial
    - normal:   0.09663  -0.4378   0.8939
    - offset: -4.791191e-05
    - vertices: p56(v87) p547(v77) p843(v44)
    - neighboring facets: f366 f423 f426
- f425
    - flags: bottom simplicial
    - normal:  -0.05776  -0.3491   0.9353
    - offset: -2.544031e-05
    - vertices: p56(v87) p734(v65) p44(v23)
    - neighboring facets: f301 f426 f423
- f426
    - flags: top simplicial
    - normal:   0.06282  -0.4409   0.8954
    - offset: -4.302501e-05
    - vertices: p56(v87) p547(v77) p44(v23)
    - neighboring facets: f365 f425 f424
- f427
    - flags: top simplicial
    - normal:   -0.1627  -0.2162  -0.9627
    - offset: -9.427756e-06
    - vertices: p785(v88) p463(v62) p626(v3)
    - neighboring facets: f288 f430 f428
- f428
    - flags: bottom simplicial
    - normal:   -0.2645  -0.2847  -0.9214
    - offset: -8.722671e-06
    - vertices: p785(v88) p463(v62) p883(v22)
    - neighboring facets: f284 f429 f427
- f429
    - flags: top simplicial
    - normal:   -0.8529 -0.07896  -0.5161
    - offset: -4.232665e-06
    - vertices: p785(v88) p117(v78) p883(v22)
    - neighboring facets: f372 f428 f433
- f430
    - flags: bottom simplicial
    - normal:   -0.1536  0.08728  -0.9843
    - offset: -1.033759e-05
    - vertices: p785(v88) p94(v18) p626(v3)
    - neighboring facets: f65 f427 f431
- f431
    - flags: bottom simplicial
    - normal:   -0.1543   0.1274  -0.9798
    - offset: -1.037835e-05
    - vertices: p785(v88) p929(v63) p94(v18)
    - neighboring facets: f291 f430 f432
- f432
    - flags: top simplicial
    - normal:   -0.1555   0.1864  -0.9701
    - offset: -1.04064e-05
    - vertices: p785(v88) p929(v63) p479(v42)
    - neighboring facets: f436 f433 f431
- f433
    - flags: bottom simplicial
    - normal:   -0.1608   0.3911  -0.9062
    - offset: -1.018362e-05
    - vertices: p785(v88) p117(v78) p479(v42)
    - neighboring facets: f435 f432 f429
- f434
    - flags: bottom simplicial
    - normal:   -0.1599    0.592    -0.79
    - offset: -1.018137e-05
    - vertices: p318(v89) p117(v78) p506(v7)
    - neighboring facets: f382 f437 f435
- f435
    - flags: top simplicial
    - normal:     -0.16   0.4309  -0.8881
    - offset: -1.022768e-05
    - vertices: p318(v89) p117(v78) p479(v42)
    - neighboring facets: f433 f436 f434
- f436
    - flags: bottom simplicial
    - normal:    0.1857   0.4431   -0.877
    - offset: -6.025152e-05
    - vertices: p318(v89) p929(v63) p479(v42)
    - neighboring facets: f432 f435 f438
- f437
    - flags: top simplicial
    - normal:    0.3185    0.497  -0.8072
    - offset: -7.840815e-05
    - vertices: p318(v89) p186(v32) p506(v7)
    - neighboring facets: f139 f434 f438
- f438
    - flags: top simplicial
    - normal:    0.2879   0.4669  -0.8361
    - offset: -7.428811e-05
    - vertices: p318(v89) p929(v63) p186(v32)
    - neighboring facets: f291 f437 f436
- f439
    - flags: top simplicial tricoplanar keepcentrum
    - owner of normal & centrum is facet f439
    - normal:         1        0        0
    - offset: -0.000150844
    - center: 0.000150844 -8.424924444444444e-06 -6.290344444444444e-06 
    - vertices: p838(v83) p652(v46) p259(v29)
    - neighboring facets: f309 f449 f446
- f440
    - flags: top simplicial tricoplanar
    - owner of normal & centrum is facet f439
    - normal:         1        0        0
    - offset: -0.000150844
    - center: 0.000150844 -8.424924444444444e-06 -6.290344444444444e-06 
    - vertices: p838(v83) p477(v58) p38(v57)
    - neighboring facets: f270 f443 f449
- f441
    - flags: bottom simplicial tricoplanar
    - owner of normal & centrum is facet f439
    - normal:         1        0        0
    - offset: -0.000150844
    - center: 0.000150844 -8.424924444444444e-06 -6.290344444444444e-06 
    - vertices: p838(v83) p109(v48) p186(v32)
    - neighboring facets: f219 f442 f448
- f442
    - flags: bottom simplicial tricoplanar
    - owner of normal & centrum is facet f439
    - normal:         1        0        0
    - offset: -0.000150844
    - center: 0.000150844 -8.424924444444444e-06 -6.290344444444444e-06 
    - vertices: p838(v83) p186(v32) p337(v19)
    - neighboring facets: f139 f451 f441
- f443
    - flags: bottom simplicial tricoplanar
    - owner of normal & centrum is facet f439
    - normal:         1        0        0
    - offset: -0.000150844
    - center: 0.000150844 -8.424924444444444e-06 -6.290344444444444e-06 
    - vertices: p838(v83) p311(v76) p38(v57)
    - neighboring facets: f362 f440 f453
- f444
    - flags: bottom simplicial tricoplanar
    - owner of normal & centrum is facet f439
    - normal:         1        0        0
    - offset: -0.000150844
    - center: 0.000150844 -8.424924444444444e-06 -6.290344444444444e-06 
    - vertices: p838(v83) p605(v79) p53(v43)
    - neighboring facets: f385 f453 f454
- f445
    - flags: top simplicial tricoplanar
    - owner of normal & centrum is facet f439
    - normal:         1        0        0
    - offset: -0.000150844
    - center: 0.000150844 -8.424924444444444e-06 -6.290344444444444e-06 
    - vertices: p838(v83) p847(v69) p334(v47)
    - neighboring facets: f319 f447 f406
- f446
    - flags: bottom simplicial tricoplanar
    - owner of normal & centrum is facet f439
    - normal:         1        0        0
    - offset: -0.000150844
    - center: 0.000150844 -8.424924444444444e-06 -6.290344444444444e-06 
    - vertices: p838(v83) p652(v46) p395(v8)
    - neighboring facets: f307 f448 f439
- f447
    - flags: bottom simplicial tricoplanar
    - owner of normal & centrum is facet f439
    - normal:         1        0        0
    - offset: -0.000150844
    - center: 0.000150844 -8.424924444444444e-06 -6.290344444444444e-06 
    - vertices: p838(v83) p483(v68) p334(v47)
    - neighboring facets: f315 f445 f451
- f448
    - flags: top simplicial tricoplanar
    - owner of normal & centrum is facet f439
    - normal:         1        0        0
    - offset: -0.000150844
    - center: 0.000150844 -8.424924444444444e-06 -6.290344444444444e-06 
    - vertices: p838(v83) p109(v48) p395(v8)
    - neighboring facets: f218 f446 f441
- f449
    - flags: bottom simplicial tricoplanar
    - owner of normal & centrum is facet f439
    - normal:         1        0        0
    - offset: -0.000150844
    - center: 0.000150844 -8.424924444444444e-06 -6.290344444444444e-06 
    - vertices: p838(v83) p477(v58) p259(v29)
    - neighboring facets: f420 f439 f440
- f450
    - flags: top simplicial tricoplanar
    - owner of normal & centrum is facet f439
    - normal:         1        0        0
    - offset: -0.000150844
    - center: 0.000150844 -8.424924444444444e-06 -6.290344444444444e-06 
    - vertices: p838(v83) p241(v66) p34(v10)
    - neighboring facets: f396 f403 f452
- f451
    - flags: top simplicial tricoplanar
    - owner of normal & centrum is facet f439
    - normal:         1        0        0
    - offset: -0.000150844
    - center: 0.000150844 -8.424924444444444e-06 -6.290344444444444e-06 
    - vertices: p838(v83) p483(v68) p337(v19)
    - neighboring facets: f316 f442 f447
- f452
    - flags: top simplicial tricoplanar
    - owner of normal & centrum is facet f439
    - normal:         1        0        0
    - offset: -0.000150844
    - center: 0.000150844 -8.424924444444444e-06 -6.290344444444444e-06 
    - vertices: p838(v83) p218(v81) p241(v66)
    - neighboring facets: f395 f450 f455
- f453
    - flags: top simplicial tricoplanar
    - owner of normal & centrum is facet f439
    - normal:         1        0        0
    - offset: -0.000150844
    - center: 0.000150844 -8.424924444444444e-06 -6.290344444444444e-06 
    - vertices: p838(v83) p311(v76) p53(v43)
    - neighboring facets: f361 f444 f443
- f454
    - flags: top simplicial tricoplanar
    - owner of normal & centrum is facet f439
    - normal:         1        0        0
    - offset: -0.000150844
    - center: 0.000150844 -8.424924444444444e-06 -6.290344444444444e-06 
    - vertices: p838(v83) p605(v79) p640(v27)
    - neighboring facets: f384 f455 f444
- f455
    - flags: bottom simplicial tricoplanar
    - owner of normal & centrum is facet f439
    - normal:         1        0        0
    - offset: -0.000150844
    - center: 0.000150844 -8.424924444444444e-06 -6.290344444444444e-06 
    - vertices: p838(v83) p218(v81) p640(v27)
    - neighboring facets: f394 f454 f452
