3
1000 156 234
1.45663e-05 1.25219e-05 -1.65177e-05 
1.79579e-05 2.46862e-06 4.77377e-05 
-2.5245e-06 -1.08538e-05 4.53737e-05 
9.441039999999999e-06 -5.06846e-06 9.31413e-05 
-2.55161e-05 -3.54302e-07 1.91343e-05 
2.4755e-06 1.53943e-05 2.87645e-05 
8.41899e-06 -3.21247e-05 -1.65177e-05 
-2.5245e-06 2.33924e-05 1.56748e-05 
1.03542e-05 -2.72183e-06 7.94917e-05 
-2.38674e-05 4.17605e-06 -1.65177e-05 
-6.4051e-06 8.58662e-06 1.04146e-05 
-1.06041e-05 -1.77909e-06 9.53239e-05 
-2.5245e-06 1.8346e-05 -6.75673e-06 
-3.52728e-06 1.01026e-05 4.08436e-05 
8.27246e-06 -6.82374e-06 9.402439999999999e-05 
2.94154e-06 -1.03349e-05 0.000124582 
1.30468e-06 -2.55136e-05 -1.65177e-05 
-2.39337e-05 -2.53138e-06 1.33239e-05 
3.92033e-06 -1.00011e-05 2.10739e-05 
-1.68762e-05 2.46862e-06 1.12549e-05 
-5.87109e-06 1.04398e-05 -8.61799e-06 
-1.01079e-05 3.61297e-06 5.76332e-05 
2.33723e-05 1.83606e-05 -1.65177e-05 
2.65982e-05 -2.11746e-05 -1.05784e-05 
2.32957e-05 -2.53138e-06 9.505110000000001e-06 
1.0666e-05 2.46862e-06 1.05757e-05 
2.86683e-05 -5.4739e-06 -1.05177e-05 
2.4755e-06 -1.97022e-05 5.81561e-05 
3.39433e-05 -1.3255e-06 -1.08453e-05 
-1.60061e-05 -7.65831e-06 -1.65177e-05 
2.4755e-06 1.9009e-05 2.06408e-05 
-1.04336e-05 -2.60233e-06 4.69068e-05 
2.4755e-06 1.69662e-05 2.0422e-05 
1.55766e-05 -9.64226e-06 -1.65177e-05 
2.16652e-05 1.54686e-05 -1.65177e-05 
-1.81277e-05 2.46862e-06 3.98687e-05 
-1.67301e-06 -2.96712e-05 -9.211560000000001e-06 
1.41909e-05 2.46862e-06 2.58458e-05 
-9.65549e-06 -2.69018e-05 -1.65177e-05 
1.16402e-06 -1.06878e-05 7.579119999999999e-05 
6.5025e-06 -1.38021e-05 -1.65177e-05 
8.72202e-06 -6.23506e-06 6.51787e-05 
1.05339e-05 1.84726e-06 0.000110336 
-9.006520000000001e-06 5.82804e-06 4.47068e-05 
-1.56557e-05 3.01512e-05 -1.48273e-05 
-1.49764e-05 2.85956e-05 -1.05177e-05 
2.4755e-06 1.84817e-05 5.78995e-07 
-1.6793e-05 -2.95982e-05 -1.27453e-05 
-7.35559e-06 -7.85851e-06 8.81982e-05 
2.00831e-05 -2.53138e-06 4.76492e-05 
2.15544e-05 2.46862e-06 2.34741e-05 
2.4755e-06 -1.07989e-05 6.38794e-06 
8.026800000000001e-06 8.50329e-06 0.000121116 
1.43259e-05 -2.77922e-05 -1.65177e-05 
2.4755e-06 1.74348e-05 4.03691e-05 
-9.887030000000001e-06 4.17405e-06 2.96307e-06 
3.21264e-05 -1.10788e-05 -1.20066e-05 
-2.41887e-05 -2.39412e-05 -1.22822e-05 
-2.5245e-06 -1.61704e-05 1.68994e-05 
-5.07286e-07 -1.19755e-05 -1.65177e-05 
2.74344e-05 -5.79237e-06 -1.05177e-05 
1.19985e-05 -2.53138e-06 -2.57189e-06 
7.30284e-06 -7.861209999999999e-06 0.000129897 
8.35846e-06 1.82884e-05 -1.05177e-05 
2.40075e-05 2.01068e-05 -1.05177e-05 
-3.26214e-06 1.01912e-05 7.82978e-05 
-6.03182e-06 8.85262e-06 6.03391e-05 
-1.38704e-05 2.46862e-06 2.38721e-05 
2.4755e-06 -1.82663e-05 9.56632e-06 
-2.89387e-05 -1.79003e-05 -1.35826e-05 
2.13651e-05 7.83979e-07 4.71643e-05 
2.4755e-06 -2.11129e-05 4.78303e-05 
1.13065e-05 -2.53138e-06 4.89031e-06 
7.94619e-06 8.01756e-06 7.3045e-05 
2.4755e-06 1.14109e-05 9.858189999999999e-06 
1.97121e-05 -1.247e-06 5.846e-05 
-2.5245e-06 -2.66155e-05 -2.14523e-06 
1.05187e-05 1.92308e-06 0.000110194 
-3.09037e-06 1.02443e-05 7.95629e-05 
-9.652159999999999e-06 -4.75056e-06 3.25304e-05 
1.23083e-05 2.46862e-06 5.17957e-05 
-2.5245e-06 -1.54222e-05 -1.04005e-06 
3.38633e-05 2.6708e-06 -1.64832e-05 
1.85418e-05 2.51545e-05 -1.65177e-05 
1.35507e-05 -2.53138e-06 4.88831e-05 
2.84498e-05 -1.8607e-05 -1.48129e-05 
2.4755e-06 -1.62252e-05 1.71975e-05 
-2.09909e-05 2.46862e-06 4.004e-05 
-8.66003e-06 -1.1339e-05 -1.65177e-05 
1.86794e-05 2.46862e-06 2.5562e-05 
2.16137e-05 2.46862e-06 -1.78473e-06 
-2.76066e-05 1.44496e-07 4.84923e-06 
-2.5245e-06 -1.40287e-05 3.42632e-05 
2.98421e-05 1.61942e-05 -1.17942e-05 
-3.33646e-05 6.58325e-06 -1.32644e-05 
2.4755e-06 1.76668e-05 3.09654e-05 
-9.001319999999999e-06 -5.89723e-06 0.000105986 
1.24845e-05 2.46862e-06 1.32095e-07 
5.79462e-07 1.06754e-05 9.81083e-05 
-8.578690000000001e-06 -6.49512e-06 6.57766e-06 
-7.34818e-06 7.801999999999999e-06 9.52615e-05 
2.08891e-05 -2.34226e-06 5.04172e-05 
-1.38221e-05 -2.62772e-05 -1.05177e-05 
2.4755e-06 2.03993e-05 8.33973e-06 
1.66189e-05 -2.53138e-06 3.20797e-06 
-1.24225e-05 9.18026e-06 -1.04435e-05 
-9.10209e-06 5.67526e-06 6.87405e-05 
6.87771e-06 -8.239349999999999e-06 0.000120767 
7.70481e-06 -7.4639e-06 8.75352e-06 
-2.71477e-05 7.41088e-06 -1.65177e-05 
-2.5245e-06 2.24058e-05 5.75213e-06 
-2.40011e-05 -5.07431e-06 -1.65177e-05 
2.4755e-06 1.61745e-05 5.62396e-05 
9.050479999999999e-06 -5.74228e-06 0.000110726 
-7.89928e-08 -2.83858e-05 -4.28557e-07 
-1.16086e-05 3.19342e-05 -1.49935e-05 
5.86376e-06 -9.44343e-06 -1.65177e-05 
-5.88319e-06 6.66188e-06 0.000134327 
1.78652e-05 2.46862e-06 5.88838e-06 
2.4755e-06 1.89348e-05 2.55648e-05 
1.7571e-05 -2.53138e-06 5.44113e-05 
-9.51188e-06 -5.02751e-06 0.000121067 
-2.5245e-06 -2.7285e-05 -6.34695e-07 
2.4755e-06 -2.41512e-05 -5.29194e-06 
3.39958e-06 1.01289e-05 8.79597e-05 
2.55398e-06 1.03772e-05 2.18287e-05 
6.01916e-06 -8.89083e-06 9.12046e-05 
2.00248e-05 -2.53138e-06 2.90799e-05 
-5.83772e-06 8.97755e-06 1.7759e-05 
-7.72811e-06 -7.49257e-06 1.85177e-05 
-8.34593e-06 -6.79384e-06 6.18956e-05 
2.64153e-05 5.80273e-06 -1.65177e-05 
1.04766e-05 2.13291e-06 0.000121821 
-2.5245e-06 -2.44356e-05 2.10164e-05 
-2.61888e-05 2.46862e-06 1.11113e-06 
2.7563e-05 6.88537e-07 4.81199e-06 
2.30308e-05 1.55555e-05 -1.05177e-05 
1.14909e-05 -2.88097e-05 -1.05177e-05 
-2.01455e-06 -1.05674e-05 0.000128431 
1.3467e-05 -2.84638e-05 -1.05177e-05 
-1.04141e-05 2.61641e-06 0.000108979 
-4.48794e-06 1.18316e-05 -9.300029999999999e-06 
-8.82445e-06 -6.15754e-06 6.2358e-05 
-1.67725e-05 2.46862e-06 6.266240000000001e-05 
2.4755e-06 -1.44802e-05 6.248459999999999e-05 
2.4755e-06 -1.49604e-05 3.46093e-05 
9.777e-06 -2.17207e-05 -1.05177e-05 
-5.26061e-06 1.75319e-05 -1.65177e-05 
1.06624e-05 8.48438e-07 0.000109049 
-3.23264e-06 -1.02645e-05 2.04593e-05 
-1.01238e-05 3.56957e-06 7.41417e-05 
8.19955e-07 1.0657e-05 0.000110193 
9.004999999999999e-06 5.75505e-06 4.01292e-05 
-1.04018e-05 -2.72775e-06 3.01141e-05 
-5.86588e-06 3.1095e-06 -1.65177e-05 
-2.5245e-06 1.90464e-05 6.25604e-05 
8.38764e-06 6.62051e-06 6.27218e-05 
-7.656459999999999e-06 7.50226e-06 1.93044e-05 
2.4755e-06 -1.75936e-05 4.00962e-05 
-3.35821e-05 5.37768e-06 -1.08244e-05 
-2.5245e-06 1.08539e-05 1.30269e-05 
1.94963e-05 2.68776e-05 -1.05177e-05 
-2.5245e-06 1.52217e-05 3.78796e-05 
8.503620000000001e-06 6.46689e-06 4.64729e-05 
1.82664e-05 -2.53138e-06 4.51589e-05 
-1.14835e-05 2.46862e-06 3.49852e-06 
1.87479e-05 2.46862e-06 4.44825e-05 
-1.45695e-05 2.46862e-06 -4.13656e-06 
3.15399e-05 -6.05871e-06 -1.65177e-05 
1.24043e-05 -1.20663e-05 -1.05177e-05 
-5.57428e-06 9.14518e-06 1.22715e-05 
6.18417e-06 -8.77258e-06 2.60073e-05 
-2.19315e-05 6.87952e-08 4.3629e-05 
-1.88798e-05 -1.55444e-06 6.44818e-05 
2.56206e-05 2.46862e-06 -8.73379e-06 
1.01318e-05 -3.47636e-06 8.232340000000001e-05 
4.54644e-06 9.668429999999999e-06 0.000116233 
2.4755e-06 -1.86148e-05 7.478839999999999e-07 
-1.73161e-05 -2.53138e-06 -5.69539e-06 
2.4755e-06 2.32555e-05 -9.05046e-06 
2.91825e-06 3.3082e-05 -1.65177e-05 
-1.51783e-06 1.05873e-05 0.000111398 
2.72992e-07 -2.56086e-05 1.8549e-05 
1.65393e-06 2.67534e-05 1.0297e-05 
-2.66744e-05 -2.11427e-05 -1.55003e-05 
1.44865e-05 2.46862e-06 -1.57928e-06 
-2.61393e-05 1.33488e-05 -1.65177e-05 
-7.75648e-06 7.39826e-06 9.60966e-05 
2.36523e-05 -2.53138e-06 2.97858e-05 
-1.00946e-05 3.64924e-06 0.000122878 
8.60491e-06 -6.39621e-06 6.40446e-05 
4.02477e-06 -9.960260000000001e-06 0.000124526 
1.03499e-05 2.67668e-06 7.33528e-05 
1.8119e-05 4.94883e-06 -1.65177e-05 
2.0822e-05 1.80725e-05 -1.61765e-05 
-9.810990000000001e-06 4.35361e-06 0.000128556 
-2.65303e-06 1.03665e-05 3.25629e-05 
2.4755e-06 2.01072e-05 -7.44169e-06 
-2.5245e-06 1.37296e-05 -5.41595e-06 
-2.5245e-06 -1.24565e-05 4.13986e-05 
1.01606e-05 3.32543e-06 1.42347e-05 
-7.772069999999999e-06 7.38152e-06 1.47789e-05 
1.87768e-05 -2.14468e-05 -1.05177e-05 
-2.13933e-05 2.46862e-06 2.33634e-05 
-4.38914e-06 3.31165e-05 -1.05177e-05 
-1.45111e-05 5.76511e-06 -1.65177e-05 
-4.02107e-09 -1.07555e-05 7.482429999999999e-05 
-2.4607e-05 -1.91032e-05 -1.65177e-05 
2.4755e-06 -2.20832e-05 2.84039e-05 
-2.50376e-05 -1.12487e-05 -1.05177e-05 
1.22239e-05 2.46862e-06 2.51142e-05 
2.4755e-06 1.22077e-05 -4.09774e-06 
2.4755e-06 -2.38197e-05 8.9437e-06 
-6.57639e-06 -8.520309999999999e-06 -4.56353e-06 
6.66759e-06 8.345390000000001e-06 9.59012e-05 
-1.50086e-05 -2.53138e-06 8.009319999999999e-06 
-1.26944e-06 -6.45999e-06 0.000134327 
2.55419e-06 1.03771e-05 0.000117342 
2.89432e-05 -1.77939e-05 -1.65177e-05 
2.4755e-06 1.13847e-05 2.55351e-05 
5.23854e-06 -9.37288e-06 1.76069e-05 
-2.5245e-06 1.7831e-05 6.55375e-05 
7.69716e-07 -3.17355e-06 -1.65177e-05 
-2.5245e-06 -2.07127e-05 3.78202e-05 
9.96436e-06 3.87338e-06 1.85149e-05 
9.8643e-06 -3.00165e-06 -1.65177e-05 
2.55059e-05 7.85793e-07 1.88687e-05 
-6.93708e-06 -8.231239999999999e-06 5.78147e-05 
-1.84392e-05 6.48091e-06 -1.05177e-05 
1.66672e-05 -2.53138e-06 9.752509999999999e-06 
1.4907e-05 1.76015e-05 -1.28921e-05 
3.22726e-06 -1.02492e-05 6.39228e-05 
1.93768e-05 2.46862e-06 1.45955e-05 
9.80112e-06 -4.32398e-06 9.747299999999999e-05 
-2.5245e-06 -2.2749e-05 2.35373e-05 
-2.5245e-06 2.08283e-05 2.61064e-05 
2.4755e-06 -1.242e-05 3.71848e-05 
1.87791e-05 -2.53138e-06 3.6994e-05 
-6.36891e-06 8.61256e-06 -1.43681e-06 
-7.952140000000001e-06 -7.25036e-06 3.68452e-06 
-5.13286e-07 2.14047e-05 4.68467e-05 
2.65785e-05 -7.41144e-07 -1.65177e-05 
-1.0676e-05 1.20221e-06 0.000115056 
2.3939e-05 -8.08968e-06 -1.05177e-05 
-1.06919e-05 1.0459e-06 9.96076e-05 
4.27773e-06 -9.85254e-06 8.10393e-05 
-5.73307e-06 9.0449e-06 1.81824e-05 
2.41143e-06 -3.22068e-05 -1.65177e-05 
-2.5245e-06 -1.21232e-05 5.16068e-05 
-3.43012e-06 1.01351e-05 0.000106709 
-1.79504e-05 2.46862e-06 2.76435e-05 
2.44643e-05 3.01492e-06 -1.05177e-05 
2.4755e-06 -1.52235e-05 3.41534e-05 
2.4755e-06 -2.32089e-05 1.60451e-05 
1.00698e-05 -3.64592e-06 1.58967e-05 
2.52164e-05 9.99986e-07 2.08471e-05 
9.973099999999999e-06 3.84959e-06 3.88446e-05 
-1.12471e-05 3.03288e-05 -1.65177e-05 
6.70085e-06 -8.381740000000001e-06 0.000102286 
-1.85628e-05 -2.07957e-05 -1.65177e-05 
2.4755e-06 1.9728e-05 7.4524e-06 
-2.54667e-05 5.72815e-07 -1.65177e-05 
-7.784979999999999e-06 -1.0531e-05 -9.681530000000001e-06 
-1.83783e-05 -2.53138e-06 4.35733e-05 
4.62167e-06 -9.69752e-06 4.49926e-05 
2.4755e-06 -2.74592e-05 -2.54753e-06 
-2.44474e-05 -2.43292e-06 2.64372e-05 
9.19593e-06 -1.51223e-05 -1.05177e-05 
-8.211039999999999e-06 -1.5437e-05 -1.65177e-05 
2.4755e-06 -1.72419e-05 5.04881e-06 
-1.45706e-05 4.80783e-06 -1.65177e-05 
-1.44648e-05 2.46862e-06 8.57144e-06 
-2.48855e-05 -2.53138e-06 3.65923e-06 
7.80843e-06 7.28999e-06 6.19319e-05 
-1.02997e-05 3.0327e-06 8.895390000000001e-06 
8.06381e-06 -7.07162e-06 3.76327e-05 
-2.50985e-05 4.13172e-07 2.19878e-05 
-1.24067e-05 2.46862e-06 -5.18199e-06 
2.27792e-05 2.46862e-06 -6.60766e-06 
4.92044e-06 2.16906e-05 -1.05177e-05 
1.57145e-05 -2.53138e-06 3.21375e-05 
-1.40252e-05 -3.02804e-05 -1.05177e-05 
-2.5245e-06 -1.17299e-05 3.60103e-05 
-2.5245e-06 2.39882e-05 -5.39346e-06 
1.28334e-05 -3.14993e-05 -1.13789e-05 
7.55635e-06 -7.61472e-06 5.06767e-05 
-1.9308e-05 2.46862e-06 1.50329e-05 
1.30164e-05 2.46862e-06 2.0344e-05 
-9.936770000000001e-06 -4.11856e-06 9.34324e-05 
1.03943e-05 2.50095e-06 8.88881e-05 
-4.64231e-06 9.64798e-06 0.00012509 
-2.5245e-06 -2.24053e-05 1.3494e-06 
5.77608e-06 4.51711e-06 -1.65177e-05 
-2.72214e-05 -1.66583e-06 7.48099e-06 
4.31494e-06 9.77332e-06 0.000119164 
-1.35741e-05 -2.53138e-06 -5.55024e-06 
2.4755e-06 2.23474e-05 2.01691e-05 
-8.03362e-06 -7.16227e-06 2.35314e-05 
-2.01391e-05 -2.53138e-06 4.01327e-05 
1.05867e-05 1.50417e-06 0.000128809 
-1.72602e-06 -2.48943e-05 -1.65177e-05 
-1.0633e-05 1.52362e-06 0.000133893 
2.4755e-06 2.65105e-05 1.04335e-05 
-2.5245e-06 -1.21112e-05 2.26639e-05 
1.73458e-05 1.91921e-06 -1.65177e-05 
7.90755e-06 -7.24608e-06 1.55863e-05 
-2.23881e-05 8.116719999999999e-06 -1.05177e-05 
-1.26237e-05 2.46862e-06 7.64615e-06 
3.60374e-06 -1.94745e-05 -1.05177e-05 
1.71568e-05 2.46862e-06 3.83498e-05 
-1.08144e-05 -7.19795e-06 -9.578539999999999e-06 
9.459100000000001e-06 -3.2167e-05 -1.65177e-05 
1.90307e-05 -2.59454e-05 -1.65177e-05 
8.96573e-06 5.81475e-06 2.24532e-05 
-2.46012e-05 -2.53138e-06 7.877600000000001e-06 
-2.5245e-06 1.71769e-05 3.65733e-05 
1.15714e-05 -2.53138e-06 6.62444e-05 
-9.56182e-07 2.25673e-05 3.89021e-05 
1.70445e-05 -2.94244e-05 -1.20426e-05 
2.4755e-06 -1.59347e-05 2.3322e-05 
1.06973e-05 4.20595e-08 0.00011919 
-2.72085e-05 1.93512e-06 7.56926e-06 
-5.38451e-06 -9.31711e-06 0.000105439 
7.21151e-06 8.01344e-06 5.71203e-05 
-2.45395e-05 -5.12665e-07 2.58076e-05 
2.4755e-06 -1.84227e-05 5.11771e-05 
-1.88804e-05 -2.53138e-06 3.36198e-07 
-5.90178e-06 2.78748e-05 -1.65177e-05 
-2.96382e-05 1.40459e-05 -1.65177e-05 
-1.86793e-05 -1.45498e-05 -1.52612e-05 
-5.46854e-06 9.206e-06 0.000115579 
-7.10718e-06 8.01783e-06 2.73764e-05 
-2.5245e-06 -2.12714e-05 2.29015e-05 
-1.91986e-05 -2.53138e-06 -5.95132e-08 
1.46063e-05 2.88207e-05 -1.65177e-05 
-2.5245e-06 -1.3716e-05 5.56239e-05 
8.61951e-06 6.31341e-06 0.00011178 
-1.65931e-05 2.62036e-05 -1.65177e-05 
2.94438e-06 -1.03341e-05 0.000124679 
3.28231e-05 2.8878e-06 -1.65177e-05 
4.25139e-07 -2.11446e-05 4.90531e-05 
2.71562e-05 -2.53138e-06 1.73894e-06 
-6.82666e-06 -8.32008e-06 9.97639e-05 
4.97318e-06 9.454819999999999e-06 -4.8306e-06 
2.4755e-06 2.15139e-05 3.24246e-05 
2.4755e-06 -1.3197e-05 1.01985e-05 
6.88357e-06 8.17248e-06 6.152870000000001e-05 
-2.5245e-06 2.02006e-05 -7.34027e-06 
9.95282e-06 -3.96564e-06 -4.40185e-06 
-2.5245e-06 2.05367e-05 -7.37853e-07 
9.950019999999999e-06 -3.97228e-06 8.3617e-05 
7.40551e-06 8.34276e-06 0.000133587 
2.11546e-05 -2.53138e-06 -9.83858e-06 
2.4755e-06 2.82086e-05 -2.83907e-06 
1.89855e-05 -2.44649e-05 -1.65177e-05 
2.4755e-06 2.59468e-05 -9.63095e-06 
8.3887e-06 -2.9686e-05 -1.65177e-05 
-4.4931e-06 1.11035e-05 -1.65177e-05 
-2.5245e-06 1.91984e-05 1.49729e-05 
4.07509e-06 9.87719e-06 0.000105059 
-1.07301e-05 5.56172e-07 0.000106773 
2.4755e-06 1.38988e-05 5.15981e-05 
-7.00129e-06 8.110979999999999e-06 0.000104355 
2.4755e-06 1.29411e-05 3.80095e-05 
7.2918e-06 -7.87195e-06 0.000132937 
2.95126e-05 -1.19576e-05 -1.05177e-05 
2.01696e-05 -2.42961e-05 -1.05177e-05 
-2.5245e-06 1.708e-05 6.03617e-05 
1.84022e-05 9.954980000000001e-06 -1.05177e-05 
9.14222e-06 5.52972e-06 9.4025e-05 
-3.86407e-07 -2.62775e-05 1.39783e-05 
-5.9317e-06 -8.979420000000001e-06 9.419990000000001e-05 
-1.50848e-05 4.7887e-06 -1.05177e-05 
1.64089e-06 3.39259e-05 -1.58645e-05 
-3.29426e-06 1.01805e-05 9.271109999999999e-05 
-2.4769e-05 -1.24094e-07 2.42395e-05 
-1.62205e-05 -1.50078e-05 -1.31656e-05 
2.22857e-05 1.4074e-06 4.08739e-05 
-2.02919e-06 -7.88185e-06 -1.65177e-05 
-7.31957e-06 7.82981e-06 0.000129226 
-2.86238e-06 1.46094e-05 -1.65177e-05 
-3.52982e-06 1.9104e-05 -1.65177e-05 
-1.57319e-05 -2.53138e-06 -1.43832e-06 
-1.02507e-05 3.19061e-06 0.000106599 
-2.11427e-05 -2.53138e-06 -2.79595e-06 
7.35814e-06 8.007980000000001e-06 4.16983e-05 
-2.5245e-06 -2.69528e-05 -8.45941e-06 
8.377e-07 1.84912e-05 6.67559e-05 
2.4755e-06 1.53902e-05 6.01778e-05 
-4.57836e-06 -9.73893e-06 4.55506e-06 
2.4755e-06 -1.698e-05 4.6056e-05 
2.4755e-06 -1.63961e-05 4.41632e-06 
-2.24732e-05 2.46862e-06 3.63442e-05 
1.94867e-05 -2.53138e-06 3.81149e-06 
-2.80601e-06 1.03238e-05 -5.32836e-06 
-2.81152e-05 -6.18345e-06 -1.65177e-05 
3.3894e-05 -2.28296e-06 -1.45035e-05 
2.06031e-05 1.60985e-05 -1.17059e-05 
2.4755e-06 -1.44562e-05 3.39458e-05 
1.99841e-05 -2.56422e-05 -1.65177e-05 
2.4755e-06 1.43952e-05 -7.50001e-06 
3.01673e-05 -1.36085e-05 -1.05177e-05 
8.550330000000001e-06 6.40503e-06 9.25496e-05 
-9.21536e-06 -5.55282e-06 0.000103275 
-1.81465e-05 -2.12873e-06 6.94929e-05 
6.74164e-06 8.28614e-06 3.8588e-05 
-2.20182e-05 2.58902e-05 -1.63849e-05 
-2.5245e-06 -2.37107e-05 1.24644e-05 
-8.49426e-06 6.54353e-06 0.000102767 
2.71086e-05 1.93661e-05 -1.65177e-05 
2.02701e-05 -1.88365e-05 -1.55665e-05 
1.6528e-05 -2.68949e-07 -1.65177e-05 
2.12046e-05 -2.53138e-06 3.85965e-05 
-5.29975e-06 9.303100000000001e-06 0.000114679 
-9.04845e-06 -5.82692e-06 7.15061e-05 
-1.06854e-05 1.10983e-06 0.000105999 
1.59497e-05 1.51172e-05 -1.38699e-05 
2.4755e-06 1.25282e-05 6.39567e-05 
-2.39618e-05 2.46862e-06 2.44906e-05 
8.879580000000001e-06 -6.00473e-06 0.000132458 
3.03452e-05 6.16628e-06 -1.65177e-05 
1.19062e-05 2.46862e-06 6.39536e-05 
1.52871e-05 1.38374e-05 -1.05177e-05 
9.2451e-07 2.46411e-05 2.47316e-05 
-5.86096e-06 8.962590000000001e-06 4.68409e-05 
-1.64618e-05 2.46862e-06 5.03793e-05 
-3.34951e-06 -1.0225e-05 9.07146e-05 
2.66524e-05 1.62612e-05 -1.65177e-05 
2.4755e-06 1.08674e-05 4.56697e-05 
2.4755e-06 2.25121e-05 2.45706e-05 
-2.43464e-05 7.14174e-07 2.71269e-05 
2.4755e-06 -1.58314e-05 -1.04996e-05 
1.90331e-05 -8.44413e-06 -1.65177e-05 
1.45647e-05 -2.53138e-06 6.75635e-05 
-1.72284e-06 2.97385e-05 -1.01011e-05 
-2.5245e-06 -1.31015e-05 4.71864e-07 
-2.5245e-06 -1.9784e-05 8.081579999999999e-06 
7.77128e-06 7.33016e-06 0.000115749 
8.622640000000001e-06 6.30926e-06 0.000130762 
-2.07932e-05 2.46862e-06 4.89972e-05 
4.71889e-06 9.585680000000001e-06 0.000115542 
2.4755e-06 -2.20603e-05 2.07136e-05 
3.41742e-06 -4.17659e-06 0.000134327 
1.1402e-05 -2.53138e-06 4.2382e-05 
-8.837179999999999e-06 -6.13881e-06 1.24826e-05 
-1.47599e-05 2.46862e-06 3.73624e-06 
1.32612e-05 2.46862e-06 4.41221e-05 
1.05794e-05 -1.61645e-06 9.75818e-05 
-4.11307e-06 -9.94429e-06 5.30396e-05 
-1.74975e-05 -2.53138e-06 6.75802e-05 
-1.31042e-05 -2.53138e-06 -5.78487e-06 
2.27835e-06 -1.05031e-05 9.289689999999999e-05 
9.844749999999999e-06 -4.2209e-06 4.44716e-05 
1.51514e-05 2.31026e-05 -1.05177e-05 
5.04986e-06 9.41536e-06 2.07625e-07 
2.09548e-06 -2.37031e-05 3.15698e-05 
2.4755e-06 2.47092e-05 -8.57377e-06 
-1.30597e-05 1.72187e-05 -1.05177e-05 
-6.66492e-06 -8.44948e-06 5.96823e-05 
1.06548e-05 9.25452e-07 0.000102771 
1.30723e-05 2.46862e-06 8.82223e-06 
2.4755e-06 -1.94716e-05 -3.29809e-06 
9.842760000000001e-06 -4.22563e-06 8.628250000000001e-05 
-3.38246e-06 -1.02139e-05 7.03726e-05 
-9.014079999999999e-06 -2.55712e-05 -1.05177e-05 
-1.45414e-05 -2.53138e-06 -8.635459999999999e-06 
-8.41531e-06 6.64742e-06 1.84296e-05 
-3.01889e-06 -2.30069e-05 -1.05177e-05 
-1.60797e-05 2.46862e-06 3.32829e-05 
2.70862e-05 1.46134e-05 -1.65177e-05 
8.09757e-06 8.3256e-06 0.000110301 
2.08814e-05 -2.53138e-06 4.02284e-05 
-2.63192e-05 -1.89887e-05 -1.05177e-05 
-1.19005e-05 -2.53138e-06 4.83412e-05 
5.99875e-06 8.84145e-06 9.1328e-05 
2.40219e-05 2.46862e-06 1.75903e-05 
-2.07172e-05 -7.1513e-07 5.19267e-05 
-1.37586e-05 -2.15299e-05 -1.65177e-05 
5.20291e-06 9.331190000000001e-06 7.396450000000001e-05 
-3.13259e-05 1.32164e-05 -1.07961e-05 
-1.24835e-05 -2.94311e-06 -1.65177e-05 
-6.53529e-06 -8.553190000000001e-06 2.00715e-05 
-4.12035e-06 9.879309999999999e-06 5.91226e-05 
-2.00033e-05 1.30706e-05 -1.65177e-05 
-2.5245e-06 -2.50559e-05 -6.2597e-06 
2.4755e-06 1.83754e-05 -8.873189999999999e-06 
-8.69576e-06 6.27838e-06 3.26163e-05 
-7.07827e-06 -8.106250000000001e-06 8.46539e-05 
9.99466e-06 -3.85133e-06 5.30496e-05 
-1.2057e-06 1.06259e-05 0.000132992 
-2.5245e-06 2.05298e-05 2.01445e-05 
-1.86769e-05 -2.53138e-06 4.3599e-06 
1.30213e-05 2.46862e-06 -7.17638e-06 
3.09302e-05 -1.15577e-05 -1.05177e-05 
-1.37474e-05 -1.23208e-05 -1.65177e-05 
-7.900680000000001e-06 -7.30599e-06 4.45287e-05 
-2.03393e-05 -2.53138e-06 5.07746e-05 
-2.5245e-06 2.08051e-05 -3.23919e-06 
-1.05851e-05 -1.89912e-06 8.170830000000001e-05 
2.58443e-06 2.68996e-05 -1.05177e-05 
5.43498e-06 9.19671e-06 3.0158e-05 
-2.50759e-05 -6.51851e-06 -1.05177e-05 
-2.5245e-06 -2.13496e-05 2.95532e-05 
-7.993090000000001e-06 -7.20608e-06 -2.7636e-06 
3.02028e-06 1.02497e-05 1.23999e-05 
9.536810000000001e-06 -4.88726e-06 8.046069999999999e-05 
1.56284e-05 -2.03729e-05 -1.07745e-05 
-1.20182e-05 -2.25184e-06 -1.65177e-05 
-5.39201e-06 9.25003e-06 2.63895e-05 
1.56613e-05 2.46862e-06 4.152e-05 
1.66896e-05 -2.9214e-05 -1.65177e-05 
-3.39974e-05 -1.19336e-06 -1.55923e-05 
1.01288e-05 -3.48473e-06 3.28325e-05 
-3.02358e-05 -4.67833e-06 -1.65177e-05 
2.10602e-05 -1.98441e-05 -1.05177e-05 
2.4755e-06 -1.18495e-05 4.33588e-05 
1.73309e-05 1.44515e-05 -1.14766e-05 
5.4933e-06 9.16292e-06 0.000132208 
-6.54701e-06 8.48022e-06 5.8055e-05 
7.50272e-06 7.66502e-06 -5.99286e-07 
2.47315e-05 -2.53138e-06 -4.69856e-06 
-2.5245e-06 -2.3369e-05 2.21923e-05 
3.26709e-05 7.40342e-06 -1.05177e-05 
-1.46217e-05 -1.30896e-05 -1.05177e-05 
1.55814e-05 2.46862e-06 4.78819e-05 
1.96933e-05 1.71559e-06 5.85881e-05 
-2.5245e-06 -1.49631e-05 4.64129e-05 
-1.36252e-06 -1.06692e-05 0.000113643 
2.77476e-05 -2.01963e-06 3.55095e-06 
6.93087e-06 8.1306e-06 -1.35697e-06 
1.35728e-05 -7.739690000000001e-06 -1.65177e-05 
2.4755e-06 2.24766e-05 2.1367e-05 
2.4755e-06 1.24717e-05 1.23841e-05 
-9.251039999999999e-06 2.47266e-06 -1.65177e-05 
-4.9807e-06 9.476419999999999e-06 0.000114647 
-2.11678e-05 2.46862e-06 -8.09164e-06 
-6.7795e-06 -8.35782e-06 5.83374e-05 
-9.308359999999999e-06 -1.4175e-05 -1.65177e-05 
1.04564e-05 -2.29449e-06 0.000107599 
-3.19334e-05 -1.17414e-05 -1.58792e-05 
-1.4861e-05 1.04035e-05 -1.65177e-05 
-1.43106e-05 2.46862e-06 -6.79956e-06 
-8.52494e-06 6.50316e-06 0.000128884 
8.167230000000001e-06 6.88615e-06 8.21808e-05 
2.4755e-06 -2.59363e-05 8.671170000000001e-06 
2.4755e-06 -2.89676e-05 -1.00478e-05 
9.58104e-06 -4.79578e-06 9.949400000000001e-05 
-5.67344e-06 1.371e-05 -1.02854e-05 
-1.56068e-05 -2.53138e-06 1.92004e-05 
8.19982e-06 -6.91004e-06 7.84588e-05 
-1.01781e-05 -3.48176e-06 8.47947e-06 
1.30605e-05 -3.01531e-05 -1.05177e-05 
2.4755e-06 -1.80231e-05 2.29446e-05 
2.93832e-05 1.69831e-05 -1.65177e-05 
4.46116e-06 -9.77012e-06 6.40358e-06 
2.4755e-06 -1.8511e-05 8.9822e-06 
9.27547e-07 -1.07121e-05 0.000128227 
1.70577e-05 -2.53138e-06 -3.03785e-06 
-1.05286e-05 -2.18059e-06 9.00974e-05 
-9.601010000000001e-06 2.11501e-05 -1.05177e-05 
-3.68203e-06 -1.01127e-05 1.06803e-05 
-2.5245e-06 -1.84648e-05 1.67869e-05 
-1.63822e-05 2.46862e-06 1.96876e-06 
1.46101e-06 -1.85218e-05 6.69756e-05 
3.59772e-06 1.00619e-05 2.02117e-05 
-1.21432e-05 -2.53138e-06 2.69512e-05 
-2.5245e-06 -1.26056e-05 1.36252e-05 
-1.00551e-05 -3.8211e-06 2.13192e-06 
-1.30567e-05 2.27817e-05 -1.65177e-05 
-5.58763e-06 1.30555e-05 -1.65177e-05 
1.01459e-05 -3.43346e-06 1.04692e-05 
-1.74485e-05 2.46862e-06 2.31884e-05 
-2.78032e-05 -2.53138e-06 -2.93944e-06 
2.33397e-06 -2.63506e-05 1.34792e-05 
-1.64484e-05 2.46862e-06 5.68823e-05 
-6.91709e-06 -8.24772e-06 0.000134182 
-1.13753e-06 -9.73555e-06 -1.65177e-05 
-2.22082e-05 -2.44496e-06 4.17381e-05 
-1.05962e-05 -2.53138e-06 7.757469999999999e-06 
7.19643e-06 8.23112e-06 0.000121199 
-2.74015e-05 -2.01797e-05 -1.58305e-05 
-8.935230000000001e-06 -5.9945e-06 7.07554e-05 
2.11956e-05 -2.53138e-06 4.1544e-05 
-1.78105e-05 -2.53138e-06 -5.00841e-06 
4.25599e-07 -2.59424e-05 1.62682e-05 
4.95657e-06 -9.52648e-06 4.60625e-05 
-1.0734e-05 -5.42183e-07 7.761980000000001e-05 
4.00182e-06 9.906089999999999e-06 1.67221e-05 
1.57243e-05 2.01642e-05 -1.05177e-05 
9.96321e-06 2.78999e-06 -1.65177e-05 
-2.24275e-06 -2.5872e-06 -1.65177e-05 
-1.04398e-05 -1.03995e-05 -1.65177e-05 
4.31754e-06 -9.834650000000001e-06 1.32085e-05 
1.85659e-05 2.46862e-06 4.60789e-05 
1.85753e-05 7.07055e-06 -1.05177e-05 
9.221059999999999e-06 -5.46412e-06 -5.84136e-07 
-2.06077e-05 -1.60713e-05 -1.41765e-05 
-3.2863e-07 6.37374e-06 -1.65177e-05 
-1.80782e-05 9.00356e-07 6.995950000000001e-05 
-1.57259e-05 -1.02879e-05 -1.65177e-05 
1.59354e-05 2.89819e-05 -1.65177e-05 
-7.655349999999999e-06 -2.47793e-05 -1.05177e-05 
9.027080000000001e-06 5.7188e-06 7.956080000000001e-05 
-2.09226e-05 -2.59314e-05 -1.65177e-05 
-9.29883e-06 -5.41575e-06 1.01618e-05 
1.80046e-05 -2.34005e-05 -1.65177e-05 
-1.1428e-06 2.08266e-05 5.07968e-05 
9.55221e-06 -4.85541e-06 0.000117362 
1.52615e-05 1.50336e-05 -1.05177e-05 
5.98624e-06 8.849550000000001e-06 3.05273e-05 
-8.189070000000001e-06 -2.17018e-05 -1.05177e-05 
2.36595e-05 2.46862e-06 8.79851e-06 
-2.92245e-05 6.91041e-07 -6.20669e-06 
2.4755e-06 2.63086e-05 1.16542e-06 
-3.37582e-05 4.20748e-06 -1.30469e-05 
9.564469999999999e-06 4.76846e-06 6.46987e-05 
2.79434e-06 1.03136e-05 8.09511e-05 
1.06159e-05 -1.37486e-06 9.974199999999999e-05 
-1.71848e-05 2.3773e-05 -1.65177e-05 
-2.5245e-06 -1.96886e-05 4.51203e-05 
-2.5245e-06 1.31173e-05 2.853e-05 
-1.47661e-05 1.36161e-05 -1.65177e-05 
-1.47841e-06 -9.829900000000001e-06 -1.65177e-05 
-2.5245e-06 1.81373e-05 6.51961e-05 
1.44766e-05 -5.46475e-06 -1.04543e-05 
-1.81485e-05 2.46862e-06 2.79762e-05 
-3.1391e-05 7.62352e-06 -1.05177e-05 
2.43838e-05 2.36362e-05 -1.31673e-05 
-1.00181e-06 1.92232e-05 6.17538e-05 
-4.03922e-06 -9.9734e-06 4.45096e-05 
2.03457e-05 2.46862e-06 4.11908e-05 
8.44501e-06 -6.60662e-06 8.97138e-05 
1.7931e-05 2.46862e-06 6.61557e-05 
-1.11048e-05 -2.45312e-06 7.03267e-05 
2.62575e-05 2.46862e-06 8.05054e-06 
2.4755e-06 2.28303e-05 1.39584e-05 
3.39637e-05 -8.3756e-07 -1.36941e-05 
-5.22459e-06 -9.117530000000001e-06 -1.65177e-05 
8.91674e-06 -5.95042e-06 -3.80435e-06 
1.17255e-05 -2.53138e-06 2.3802e-05 
2.01939e-05 -2.2368e-05 -1.65177e-05 
-2.5245e-06 -1.82995e-05 2.28529e-05 
2.95562e-05 -9.143440000000001e-06 -1.05177e-05 
1.23553e-05 -2.53138e-06 4.73075e-05 
6.85421e-06 -8.259830000000001e-06 7.527740000000001e-05 
1.00905e-06 1.06425e-05 8.58527e-05 
-9.00553e-07 9.905699999999999e-07 0.000136577 
-1.64799e-05 -2.53138e-06 3.29175e-05 
2.4755e-06 1.20919e-05 5.31631e-05 
-1.0424e-05 -2.64019e-06 8.277810000000001e-05 
1.1606e-05 1.3693e-06 -1.65177e-05 
-1.76593e-05 2.46862e-06 -4.70025e-06 
-2.85541e-05 -1.67623e-05 -1.65177e-05 
-1.04891e-05 2.31173e-06 0.000104903 
8.03138e-07 2.87359e-05 -3.24975e-06 
7.09252e-06 1.16527e-06 0.000134327 
-1.59711e-05 -2.53138e-06 7.01866e-05 
-2.5245e-06 -2.39032e-05 9.8847e-06 
-2.5245e-06 1.38173e-05 -6.10017e-06 
-2.5245e-06 -2.08364e-05 1.90336e-05 
2.4755e-06 2.35095e-05 -4.61852e-06 
9.719160000000001e-06 4.44596e-06 8.295380000000001e-05 
-4.02702e-06 -9.978209999999999e-06 6.794799999999999e-05 
2.4755e-06 -1.46946e-05 2.41436e-06 
-2.5245e-06 2.60924e-05 -1.01449e-05 
7.27055e-06 8.230779999999999e-06 0.0001141 
9.43635e-06 -5.07703e-06 -2.42047e-06 
-2.85493e-05 -1.85286e-05 -1.26401e-05 
-2.50857e-05 -2.53138e-06 1.26053e-06 
4.63729e-06 -9.68954e-06 5.9842e-05 
1.04376e-05 -2.53138e-06 5.33146e-05 
-2.5245e-06 1.19036e-05 1.35954e-05 
9.90593e-06 4.01259e-06 8.266090000000001e-05 
9.93225e-06 3.94988e-06 6.320640000000001e-05 
7.04373e-06 -2.5895e-05 -1.65177e-05 
-1.48233e-05 -2.53138e-06 5.34925e-06 
2.4755e-06 -1.53163e-05 3.43424e-05 
2.33014e-05 -2.53138e-06 3.0529e-05 
-9.09372e-06 5.68892e-06 1.82923e-06 
-1.77516e-05 2.46862e-06 1.64183e-05 
2.39083e-05 1.32203e-06 -1.65177e-05 
2.52296e-05 -2.53138e-06 6.916450000000001e-07 
-1.80831e-05 -2.53138e-06 6.47496e-05 
5.49924e-07 1.68038e-05 7.03267e-05 
-2.5245e-06 1.99277e-05 2.80338e-05 
-1.55885e-05 -1.37364e-06 -1.65177e-05 
-1.43658e-05 -9.2743e-06 -1.65177e-05 
-2.5245e-06 1.34712e-05 9.151579999999999e-06 
-2.98181e-06 -6.52953e-06 -1.65177e-05 
-3.04525e-05 -5.42393e-06 -1.65177e-05 
1.41921e-06 -2.97173e-05 -9.52711e-06 
-1.52363e-05 -1.61791e-05 -1.1104e-05 
-2.5245e-06 2.34907e-05 2.7177e-05 
-3.01917e-05 -1.57029e-05 -1.31858e-05 
-4.48197e-06 9.720030000000001e-06 2.11663e-05 
6.7392e-07 2.20795e-05 4.22353e-05 
2.4755e-06 -2.07051e-05 4.37715e-05 
1.04548e-05 -2.62657e-05 -1.05177e-05 
9.21019e-06 5.41809e-06 0.000132478 
-1.8125e-05 -8.391769999999999e-06 -1.65177e-05 
2.96932e-05 7.06836e-07 -9.74419e-06 
1.44854e-05 -2.2377e-05 -1.05177e-05 
1.61153e-05 -2.53138e-06 2.1926e-05 
-2.5245e-06 -1.77182e-05 1.49845e-05 
-1.02713e-05 3.12444e-06 3.83518e-05 
9.53637e-06 -4.88816e-06 -4.76393e-06 
9.208390000000001e-06 -5.48478e-06 6.62779e-05 
2.4755e-06 -2.83785e-05 -6.36376e-06 
1.6344e-06 -2.43568e-05 2.7103e-05 
1.03571e-05 2.64812e-06 6.38517e-05 
2.4755e-06 -1.33938e-05 2.9303e-05 
-4.9716e-06 9.481069999999999e-06 0.000114513 
2.4755e-06 2.03578e-05 -4.70212e-06 
1.84033e-05 2.46862e-06 4.12213e-05 
1.10242e-05 1.9816e-05 -1.65177e-05 
1.28296e-05 2.46862e-06 7.42178e-06 
-3.38506e-06 1.01501e-05 9.57811e-05 
1.94946e-05 -1.58057e-05 -1.05858e-05 
-2.5245e-06 -1.45144e-05 2.23153e-05 
-4.61738e-06 3.27062e-05 -1.65177e-05 
-1.34246e-05 -8.66037e-07 -1.65177e-05 
-2.5245e-06 1.03983e-05 1.13977e-05 
-2.17455e-05 -9.182239999999999e-06 -1.05177e-05 
2.43819e-05 -1.9499e-05 -1.65177e-05 
-1.88382e-05 2.82807e-05 -1.23767e-05 
-2.5245e-06 1.65398e-05 5.34141e-05 
2.4755e-06 1.21702e-05 1.44266e-05 
-2.70112e-05 1.70026e-06 8.91766e-06 
-2.5245e-06 2.65393e-05 -4.46273e-07 
-1.0164e-05 3.45967e-06 0.000104032 
2.4755e-06 -1.55993e-05 2.89261e-05 
-2.19311e-05 2.46862e-06 3.22206e-05 
-6.28978e-07 2.8048e-05 1.45087e-06 
-2.81055e-05 6.86632e-06 -1.05177e-05 
1.03627e-05 2.97504e-06 -6.20541e-06 
2.37449e-05 -8.07118e-06 -1.05177e-05 
-7.4058e-06 -7.80938e-06 0.000122651 
-7.99954e-06 7.13713e-06 3.60822e-05 
-2.5245e-06 1.88372e-05 3.0156e-06 
4.04993e-06 2.96831e-05 -1.65177e-05 
-1.46243e-06 -1.06566e-05 0.000118261 
-1.27263e-05 2.55559e-05 -1.05177e-05 
-1.02515e-05 3.18828e-06 0.000126118 
-1.88455e-06 1.05277e-05 8.53415e-05 
2.4755e-06 -2.02216e-05 3.30439e-05 
1.78545e-05 2.46862e-06 4.76206e-05 
2.4755e-06 -2.1972e-05 8.570410000000001e-06 
1.55078e-05 -2.53138e-06 5.32258e-05 
2.4755e-06 -1.94289e-05 5.93098e-05 
7.760349999999999e-06 8.82808e-06 -8.419909999999999e-06 
-1.64485e-05 -2.53138e-06 -3.58191e-06 
-1.17411e-05 -2.53138e-06 6.19422e-05 
-1.78269e-05 -2.53138e-06 6.3104e-06 
1.06964e-05 -3.22263e-07 0.000112544 
-1.32412e-05 -1.61269e-05 -1.65177e-05 
3.06285e-05 -6.87815e-06 -1.65177e-05 
2.4755e-06 1.22689e-05 3.73193e-05 
1.82608e-05 -1.38713e-05 -1.05177e-05 
-4.12279e-06 9.87835e-06 0.000114732 
2.45146e-06 1.04007e-05 0.000102622 
-5.78648e-06 1.81883e-05 -1.65177e-05 
1.86245e-05 -1.26204e-08 6.58917e-05 
2.4755e-06 -1.65869e-05 5.26155e-05 
8.798629999999999e-08 7.77172e-06 -1.65177e-05 
1.86541e-05 -1.78976e-06 6.56898e-05 
-2.5245e-06 -1.17463e-05 2.73692e-05 
1.00103e-05 -1.31149e-05 -1.05177e-05 
2.73108e-06 2.49175e-05 -1.05177e-05 
-2.5245e-06 1.55932e-05 2.43383e-05 
-6.71168e-06 -3.33648e-05 -1.379e-05 
-2.5245e-06 1.30085e-05 6.08963e-05 
4.91231e-06 3.36042e-05 -1.40696e-05 
3.24195e-06 -1.02443e-05 5.41923e-05 
4.50767e-06 3.94374e-06 0.000134329 
-1.90495e-05 2.46862e-06 4.13152e-05 
4.93466e-06 -9.53767e-06 6.90992e-05 
-1.06522e-05 1.39744e-06 0.00011086 
1.06877e-05 -4.90306e-07 9.018309999999999e-05 
5.91333e-06 1.656e-05 -1.65177e-05 
-3.19813e-05 1.15467e-05 -1.33403e-05 
-1.0656e-05 -1.4308e-06 0.000103365 
-1.89052e-05 -2.5444e-05 -1.05177e-05 
2.25193e-06 2.26717e-05 3.81892e-05 
-8.11205e-06 -7.07346e-06 2.06461e-05 
-2.5245e-06 -1.63882e-05 2.31976e-05 
-1.0572e-05 1.90469e-06 0.000119613 
1.62852e-05 -2.92095e-05 -1.65177e-05 
-1.86745e-05 2.46862e-06 1.40789e-05 
-2.5245e-06 -2.70368e-05 8.67014e-06 
9.21448e-06 5.41105e-06 4.95808e-05 
-2.5245e-06 1.38845e-05 1.68477e-05 
-1.07297e-05 -6.32422e-07 0.000125609 
-8.03011e-06 7.10429e-06 3.50166e-05 
-1.49565e-05 1.95556e-05 -1.44849e-05 
3.46236e-06 -1.72149e-06 0.000134327 
2.4755e-06 1.39615e-05 5.85654e-06 
4.50016e-06 -9.75259e-06 0.000117142 
8.9696e-06 -5.87314e-06 6.10627e-06 
2.4755e-06 -1.24546e-05 7.49161e-06 
9.33142e-06 -2.5585e-05 -1.05177e-05 
2.03617e-05 2.71728e-05 -1.10756e-05 
-1.32692e-05 2.46862e-06 2.78884e-05 
1.7677e-05 2.03873e-05 -1.34626e-05 
-2.5245e-06 1.63966e-05 2.90739e-05 
-1.22848e-05 1.10543e-05 -1.05177e-05 
2.29663e-05 8.47828e-06 -1.05177e-05 
-2.03651e-05 -2.53138e-06 2.07523e-05 
1.69016e-05 2.46862e-06 5.36987e-05 
9.937110000000001e-06 -4.00278e-06 7.89362e-05 
-8.801219999999999e-06 -6.19171e-06 8.0793e-05 
-2.5245e-06 1.66788e-05 -5.53178e-06 
-9.80059e-06 4.37816e-06 8.13407e-05 
-1.03211e-05 2.96379e-06 8.93074e-05 
1.14662e-05 -2.53138e-06 3.75656e-05 
-7.38817e-06 7.76312e-06 9.16164e-05 
1.0108e-05 -3.54159e-06 -4.6797e-06 
2.63317e-05 -1.02205e-05 -1.05177e-05 
-2.84326e-05 1.1545e-05 -1.05177e-05 
2.25266e-05 1.35826e-06 3.92279e-05 
4.20998e-06 3.36933e-05 -1.34476e-05 
-1.61904e-06 1.87372e-05 6.50743e-05 
1.11704e-05 -2.53138e-06 1.44905e-05 
-9.951689999999999e-06 -4.08299e-06 7.23043e-05 
4.93254e-06 9.47573e-06 3.03821e-05 
-1.4748e-05 6.11168e-06 -1.65177e-05 
2.8574e-05 1.78021e-05 -1.65177e-05 
-2.21458e-05 2.46862e-06 1.90178e-05 
-1.22393e-05 2.46862e-06 3.86377e-05 
-2.5245e-06 1.05653e-05 2.89445e-05 
8.04118e-06 -7.09851e-06 0.000125394 
-1.04198e-05 2.59427e-06 9.00641e-05 
-1.92117e-05 2.46862e-06 3.52356e-06 
7.714600000000001e-06 7.54634e-06 0.000102557 
2.62742e-05 1.73577e-05 -1.05177e-05 
2.4755e-06 -1.3411e-05 2.11142e-05 
-9.35404e-06 -5.31844e-06 9.49369e-05 
-2.5245e-06 -2.80952e-05 -8.776370000000001e-06 
1.05303e-05 -1.9312e-06 0.0001337 
2.82953e-05 1.84961e-05 -1.65177e-05 
-1.5265e-05 2.46862e-06 2.20926e-05 
2.4755e-06 1.15821e-05 6.68647e-05 
-2.5245e-06 -1.08781e-05 2.21035e-06 
-1.25799e-05 -2.53138e-06 6.879690000000001e-05 
9.54256e-06 1.06999e-05 -1.01573e-05 
1.49752e-05 -2.53138e-06 3.5853e-05 
-6.81018e-06 1.07548e-05 -9.3686e-06 
7.87074e-06 7.22262e-06 4.161e-05 
2.10192e-05 1.97237e-05 -1.65177e-05 
2.4755e-06 1.75485e-05 4.28294e-05 
1.99264e-05 -1.03419e-05 -1.65177e-05 
2.4755e-06 -1.37718e-05 -2.54547e-07 
-1.79043e-05 2.46862e-06 3.69255e-05 
2.4755e-06 -1.88175e-05 7.362119999999999e-07 
-1.58344e-05 -7.08455e-06 -1.05177e-05 
-1.00359e-05 -3.87425e-06 2.79315e-05 
2.27911e-05 -8.424049999999999e-06 -1.05177e-05 
-2.5245e-06 2.00095e-05 3.10979e-05 
2.4755e-06 2.49099e-05 1.89948e-05 
-1.37985e-05 -2.53138e-06 6.346290000000001e-05 
1.68362e-05 -2.53138e-06 6.56012e-05 
4.71071e-07 -2.51821e-05 2.14635e-05 
7.74561e-06 7.777540000000001e-06 2.75517e-05 
-1.257e-05 6.9695e-07 7.03267e-05 
-9.551079999999999e-06 -4.95525e-06 0.000111374 
4.54361e-06 -2.45565e-05 -1.65177e-05 
4.42113e-06 2.27637e-06 -1.65177e-05 
-1.64194e-06 2.21232e-05 4.19368e-05 
-2.5245e-06 -2.12351e-05 3.42721e-05 
-8.1431e-06 -7.03633e-06 9.808209999999999e-05 
-1.72344e-05 2.60033e-05 -1.05177e-05 
6.1571e-06 1.08698e-05 -9.15752e-06 
-1.77337e-05 -2.53138e-06 6.462240000000001e-05 
1.93625e-05 -7.21165e-06 -1.65177e-05 
-5.71425e-06 9.05702e-06 7.50346e-06 
-2.5245e-06 -1.52361e-05 6.92181e-06 
2.4755e-06 -1.98363e-05 8.203140000000001e-06 
-2.5245e-06 -2.3564e-05 -1.26788e-06 
-2.64408e-05 2.13667e-05 -1.53143e-05 
1.57499e-05 -1.14625e-06 -1.65177e-05 
-2.29643e-05 -7.35002e-06 -1.05177e-05 
2.4755e-06 1.85014e-05 4.82781e-06 
-2.88151e-05 1.80382e-05 -1.48863e-05 
5.40717e-06 9.21283e-06 -3.92659e-06 
-2.5445e-07 -6.54275e-06 0.000134327 
-8.485389999999999e-06 -6.61869e-06 0.000132541 
-6.30684e-06 8.65704e-06 4.18574e-05 
2.11177e-06 1.04785e-05 0.00011068 
-1.49852e-05 2.46862e-06 6.84332e-05 
2.38109e-05 -2.53138e-06 -6.77821e-06 
1.53783e-05 2.46862e-06 5.37669e-05 
-9.12536e-06 -5.70062e-06 5.81551e-05 
-2.33787e-05 -1.41128e-05 -1.05177e-05 
1.44764e-05 2.46862e-06 3.76895e-05 
1.46827e-05 -2.53138e-06 1.5736e-05 
1.71102e-05 2.46862e-06 6.01426e-06 
-3.97558e-06 9.935879999999999e-06 8.526349999999999e-05 
-2.5245e-06 1.12821e-05 6.00428e-05 
9.944909999999999e-06 -3.98436e-06 0.000122943 
-3.37206e-06 1.01545e-05 5.8507e-05 
2.15211e-05 -2.21568e-05 -1.05177e-05 
-2.1941e-06 1.04705e-05 9.09444e-05 
-2.44293e-05 -1.057e-05 -1.65177e-05 
-2.5245e-06 -1.46731e-05 3.5748e-05 
1.52724e-05 -1.32905e-05 -1.05177e-05 
5.28283e-06 -9.3474e-06 5.60166e-05 
1.61499e-05 2.46862e-06 5.49576e-05 
7.22742e-07 -1.90478e-05 6.33811e-05 
2.44791e-05 -8.58212e-06 -1.05177e-05 
9.218029999999999e-06 -5.46907e-06 0.000110251 
1.20498e-05 2.46862e-06 3.11459e-05 
2.4755e-06 1.93915e-05 6.87497e-06 
-8.066709999999999e-06 -7.12649e-06 0.000128541 
-1.17983e-06 1.85263e-05 6.6516e-05 
2.4755e-06 -1.85242e-05 1.3369e-06 
-1.30026e-05 2.46862e-06 3.38645e-05 
1.11182e-06 -1.06943e-05 9.13018e-05 
1.34346e-05 2.46862e-06 7.56647e-06 
1.06864e-05 4.51003e-07 9.49898e-05 
-9.689549999999999e-06 4.60994e-06 2.31423e-05 
2.87281e-05 8.78409e-06 -1.05177e-05 
2.4755e-06 -1.63001e-05 5.57156e-05 
-2.99807e-06 -1.03326e-05 6.3054e-05 
2.64116e-05 7.51645e-06 -1.65177e-05 
-7.49999e-06 -7.71723e-06 -3.80387e-06 
-1.86556e-05 1.90324e-06 6.60141e-05 
-1.9073e-05 -1.84457e-06 6.31616e-05 
-1.84628e-05 2.46862e-06 3.29557e-05 
-8.30378e-06 -6.84424e-06 5.23133e-05 
-1.0083e-05 -1.77787e-05 -1.05177e-05 
7.13738e-06 -3.32597e-05 -1.57964e-05 
2.08057e-05 1.11981e-06 5.09873e-05 
-2.83405e-05 1.87756e-05 -1.63414e-05 
4.60544e-06 -9.705289999999999e-06 6.25513e-05 
2.25318e-05 -2.53138e-06 6.54211e-06 
1.47106e-05 -2.53138e-06 6.1611e-05 
-1.62006e-05 2.46862e-06 2.67361e-05 
-2.5245e-06 -1.73919e-05 1.75115e-05 
-8.707549999999999e-06 -6.32445e-06 0.000107795 
-2.1816e-06 2.97629e-05 -1.02673e-05 
1.93341e-05 -2.53138e-06 5.307879999999999e-07 
-8.924989999999999e-06 5.94722e-06 3.64901e-05 
2.00786e-05 -2.53138e-06 -1.78216e-06 
9.51191e-06 4.87439e-06 6.3044e-05 
-5.10954e-06 -8.660059999999999e-06 0.000134327 
1.03138e-05 2.81926e-06 1.97338e-05 
-3.7812e-06 -4.68146e-06 -1.65177e-05 
9.50527e-06 -4.95094e-06 7.98571e-05 
2.40909e-05 7.02366e-06 -1.05177e-05 
-6.02635e-06 8.85613e-06 5.87103e-05 
2.4755e-06 -1.55067e-05 -9.963849999999999e-06 
9.136900000000001e-06 5.53845e-06 3.81428e-05 
2.59185e-05 1.47746e-05 -1.65177e-05 
-2.5245e-06 -2.1547e-05 8.609370000000001e-06 
5.84064e-06 -9.006889999999999e-06 0.000115635 
2.58372e-05 -1.85074e-06 1.66054e-05 
-9.56422e-06 4.86914e-06 0.000116897 
-2.5245e-06 -1.48068e-05 4.21648e-05 
-7.06813e-06 -8.11523e-06 4.7469e-06 
-2.5245e-06 -1.14301e-05 4.49283e-05 
2.34725e-05 1.08509e-05 -1.05177e-05 
-7.886079999999999e-06 -7.32178e-06 5.12274e-05 
3.09768e-06 1.02278e-05 2.05286e-05 
1.81267e-05 2.46862e-06 6.377329999999999e-05 
-8.88444e-06 6.0065e-06 3.97933e-05 
1.96975e-05 -2.53138e-06 1.50286e-05 
-2.66168e-06 1.68901e-05 -1.65177e-05 
2.58517e-05 -2.53138e-06 1.39772e-05 
1.11523e-05 1.97145e-05 -1.05177e-05 
1.05993e-05 1.41958e-06 0.000129303 
-2.5245e-06 2.80588e-05 -5.3438e-06 
2.50783e-05 -9.57005e-06 -1.65177e-05 
4.21063e-07 -1.9203e-05 -1.65177e-05 
1.79166e-05 2.46862e-06 1.66287e-05 
-2.23224e-05 -2.53138e-06 2.44356e-05 
-3.37832e-05 -4.04363e-06 -1.59174e-05 
2.36358e-05 -1.82899e-05 -1.05177e-05 
-7.51809e-06 7.636799999999999e-06 2.91877e-05 
5.72267e-06 -1.41596e-05 -1.03916e-05 
2.4755e-06 -1.37014e-05 5.90905e-05 
-2.5245e-06 2.20523e-05 -3.27407e-07 
-8.95209e-06 5.90761e-06 1.82617e-05 
1.79781e-05 9.98117e-06 -1.05177e-05 
1.58429e-05 1.31391e-05 -1.05177e-05 
-5.93115e-06 -8.97978e-06 -4.60753e-06 
-2.92338e-05 1.73553e-05 -1.37209e-05 
-4.07656e-06 -1.71409e-05 -1.65177e-05 
2.4755e-06 1.2055e-05 6.26672e-05 
-1.05935e-05 -2.53138e-06 -2.03526e-06 
2.4755e-06 -1.57962e-05 9.739140000000001e-06 
-2.06859e-06 3.14484e-05 -1.05177e-05 
2.4755e-06 -2.07231e-05 4.70306e-05 
3.16581e-05 1.23034e-05 -1.60311e-05 
8.752e-06 6.12929e-06 0.000117787 
-8.34739e-06 -6.7921e-06 2.50829e-05 
-2.5245e-06 -1.7727e-05 2.80996e-05 
8.24149e-06 6.79736e-06 3.23303e-05 
2.4755e-06 -2.44694e-05 2.04076e-05 
-9.30278e-06 3.10939e-05 -1.05177e-05 
-1.48035e-05 2.46862e-06 2.85099e-05 
8.713189999999999e-06 -2.93263e-05 -1.65177e-05 
3 489 351 646 
3 489 379 724 
3 510 929 284 
3 575 47 57 
3 379 877 724 
3 771 800 351 
3 800 627 351 
3 406 877 931 
3 406 931 328 
3 877 406 724 
3 364 883 646 
3 575 301 646 
3 884 301 575 
3 489 115 204 
3 204 115 373 
3 539 301 884 
3 667 575 57 
3 667 884 575 
3 556 364 284 
3 929 556 284 
3 556 929 769 
3 929 247 769 
3 769 281 575 
3 281 47 575 
3 47 281 769 
3 603 47 769 
3 247 603 769 
3 47 603 57 
3 931 779 328 
3 779 984 479 
3 339 82 553 
3 698 522 968 
3 489 517 351 
3 517 771 351 
3 627 93 351 
3 93 698 351 
3 93 522 698 
3 180 600 373 
3 600 771 373 
3 771 600 800 
3 600 627 800 
3 337 406 328 
3 364 318 284 
3 23 318 364 
3 318 510 284 
3 318 23 510 
3 85 218 510 
3 23 85 510 
3 85 56 218 
3 56 85 23 
3 396 82 218 
3 56 396 218 
3 82 396 636 
3 419 23 364 
3 419 56 23 
3 489 117 379 
3 117 301 379 
3 117 489 646 
3 301 117 646 
3 44 489 724 
3 44 115 489 
3 406 44 724 
3 115 44 406 
3 719 180 373 
3 115 719 373 
3 301 974 511 
3 539 974 301 
3 974 328 511 
3 693 539 884 
3 667 693 884 
3 556 943 364 
3 943 883 364 
3 943 575 646 
3 883 943 646 
3 311 929 510 
3 311 247 929 
3 652 974 539 
3 301 159 479 
3 159 779 479 
3 159 301 511 
3 877 881 931 
3 984 881 877 
3 881 779 931 
3 881 984 779 
3 542 301 479 
3 984 542 479 
3 301 542 379 
3 542 877 379 
3 542 984 877 
3 82 168 218 
3 339 168 82 
3 82 991 553 
3 522 991 82 
3 991 93 553 
3 93 991 522 
3 819 517 489 
3 517 819 771 
3 771 819 373 
3 819 204 373 
3 819 489 204 
3 600 838 627 
3 93 838 553 
3 838 93 627 
3 419 837 56 
3 837 698 968 
3 522 837 968 
3 698 837 351 
3 837 419 364 
3 351 837 646 
3 837 364 646 
3 257 115 406 
3 257 719 115 
3 337 257 406 
3 138 556 769 
3 138 943 556 
3 138 769 575 
3 943 138 575 
3 974 689 328 
3 652 689 974 
3 693 580 539 
3 580 652 539 
3 652 580 603 
3 159 94 779 
3 328 94 511 
3 779 94 328 
3 28 396 56 
3 837 28 56 
3 396 28 636 
3 28 837 522 
3 28 82 636 
3 28 522 82 
3 69 693 667 
3 580 69 667 
3 69 580 693 
3 184 667 57 
3 184 580 667 
3 603 184 57 
3 580 184 603 
3 614 159 511 
3 94 614 511 
3 614 94 159 
3 689 603 247 
3 257 689 719 
3 689 652 603 
3 218 689 510 
3 689 600 180 
3 689 838 600 
3 311 689 247 
3 689 339 553 
3 689 168 339 
3 689 337 328 
3 719 689 180 
3 689 311 510 
3 168 689 218 
3 838 689 553 
3 689 257 337 
Vertices and facets:
- p489(v24): -1.2e-06 1.1e-05 0.00013
  neighbors: f99 f104 f181 f234 f270 f272 f274 f275 f331 f335
- p351(v8): 7.4e-06 8.3e-06 0.00013
  neighbors: f99 f140 f146 f234 f235 f237 f239 f346 f348
- p646(v3): -9e-07 9.9e-07 0.00014
  neighbors: f99 f161 f175 f272 f273 f295 f296 f348 f349
- p379(v14): -7.3e-06 7.8e-06 0.00013
  neighbors: f104 f128 f270 f271 f321 f322
- p724(v7): -1.9e-05 2.8e-05 -1.2e-05
  neighbors: f104 f128 f155 f274 f276
- p929(v27): 7.1e-06 -3.3e-05 -1.6e-05
  neighbors: f116 f197 f200 f204 f298 f299
- p510(v6): 1.7e-05 -2.9e-05 -1.7e-05
  neighbors: f116 f253 f254 f255 f256 f298 f390 f398
- p284(v5): 1.3e-05 -3.1e-05 -1.1e-05
  neighbors: f116 f196 f197 f251 f253
- p47(v28): -1.7e-05 -3e-05 -1.3e-05
  neighbors: f122 f206 f207 f208 f211
- p575(v15): -6.9e-06 -8.2e-06 0.00013
  neighbors: f122 f175 f176 f192 f193 f205 f206 f295 f356 f357
- p57(v9): -2.4e-05 -2.4e-05 -1.2e-05
  neighbors: f122 f192 f211 f380 f382
- p877(v29): -2.6e-05 2.1e-05 -1.5e-05
  neighbors: f128 f151 f155 f312 f313 f322 f323
- p771(v32): 4.9e-06 3.4e-05 -1.4e-05
  neighbors: f140 f235 f245 f246 f332 f333
- p800(v20): 2e-05 2.7e-05 -1.1e-05
  neighbors: f140 f146 f246 f247
- p627(v33): 2.4e-05 2.4e-05 -1.3e-05
  neighbors: f146 f237 f247 f337 f339
- p406(v34): -2.2e-05 2.6e-05 -1.6e-05
  neighbors: f151 f153 f155 f249 f276 f277 f350 f353
- p931(v18): -2.8e-05 1.9e-05 -1.6e-05
  neighbors: f151 f153 f218 f312 f314
- p328(v10): -3e-05 1.4e-05 -1.7e-05
  neighbors: f153 f218 f249 f285 f359 f369 f370 f396
- p883(v36): -2.5e-07 -6.5e-06 0.00013
  neighbors: f161 f292 f296
- p364(v23): 7.3e-06 -7.9e-06 0.00013
  neighbors: f161 f196 f251 f252 f266 f291 f292 f347 f349
- p301(v39): -1.1e-05 1.5e-06 0.00013
  neighbors: f175 f176 f189 f271 f273 f283 f284 f308 f310 f319 f321
- p884(v25): -8.5e-06 -6.6e-06 0.00013
  neighbors: f176 f189 f193 f288 f289
- p115(v40): -1.2e-05 3.2e-05 -1.5e-05
  neighbors: f181 f182 f275 f277 f282 f350 f351
- p204(v13): -4.4e-06 3.3e-05 -1.1e-05
  neighbors: f181 f182 f334 f335
- p373(v2): 1.6e-06 3.4e-05 -1.6e-05
  neighbors: f182 f244 f245 f281 f282 f333 f334
- p539(v41): -3.2e-05 -1.2e-05 -1.6e-05
  neighbors: f189 f284 f288 f301 f361 f362
- p667(v42): -2.9e-05 -1.9e-05 -1.3e-05
  neighbors: f192 f193 f289 f377 f378 f380 f381
- p556(v43): 9.3e-07 -1.1e-05 0.00013
  neighbors: f196 f197 f200 f291 f354 f355
- p769(v17): -6.7e-06 -3.3e-05 -1.4e-05
  neighbors: f200 f204 f205 f207 f208 f210 f354 f356
- p247(v44): 2.4e-06 -3.2e-05 -1.7e-05
  neighbors: f204 f210 f299 f387 f393
- p281(v45): -1.4e-05 -3e-05 -1.1e-05
  neighbors: f205 f206 f207
- p603(v46): -2.1e-05 -2.6e-05 -1.7e-05
  neighbors: f208 f210 f211 f365 f382 f383 f387 f389
- p779(v47): -3.2e-05 1.2e-05 -1.3e-05
  neighbors: f218 f222 f309 f314 f315 f368 f370
- p984(v48): -2.9e-05 1.7e-05 -1.4e-05
  neighbors: f222 f313 f315 f320 f323
- p479(v30): -3.1e-05 1.3e-05 -1.1e-05
  neighbors: f222 f308 f309 f319 f320
- p339(v49): 3.3e-05 2.9e-06 -1.7e-05
  neighbors: f227 f326 f394 f395
- p82(v31): 3.4e-05 2.7e-06 -1.6e-05
  neighbors: f227 f259 f261 f325 f326 f327 f328 f375 f376
- p553(v11): 2.9e-05 1.7e-05 -1.7e-05
  neighbors: f227 f327 f329 f338 f394 f400
- p522(v50): 3.3e-05 7.4e-06 -1.1e-05
  neighbors: f231 f241 f328 f330 f345 f374 f376
- p698(v22): 9.2e-06 5.4e-06 0.00013
  neighbors: f231 f239 f241 f343 f346
- p968(v12): 1.1e-05 1.4e-06 0.00013
  neighbors: f231 f343 f345
- p517(v51): 5.5e-06 9.2e-06 0.00013
  neighbors: f234 f235 f331 f332
- p93(v52): 3e-05 1.6e-05 -1.2e-05
  neighbors: f237 f239 f241 f329 f330 f338 f339
- p600(v53): 1.6e-05 2.9e-05 -1.7e-05
  neighbors: f244 f245 f246 f247 f337 f391 f392
- p180(v21): 2.9e-06 3.3e-05 -1.7e-05
  neighbors: f244 f281 f391 f397
- p337(v54): -1.7e-05 2.6e-05 -1.7e-05
  neighbors: f249 f353 f396 f401
- p318(v55): 1.7e-05 -2.9e-05 -1.2e-05
  neighbors: f251 f252 f253 f254
- p23(v35): 2.7e-05 -2.1e-05 -1.1e-05
  neighbors: f252 f254 f256 f258 f266 f267
- p85(v56): 2.8e-05 -1.9e-05 -1.5e-05
  neighbors: f255 f256 f257 f258
- p218(v19): 2.9e-05 -1.8e-05 -1.7e-05
  neighbors: f255 f257 f259 f260 f325 f390 f399
- p56(v37): 3.2e-05 -1.1e-05 -1.2e-05
  neighbors: f257 f258 f260 f267 f341 f371 f372
- p396(v57): 3.4e-05 -2.3e-06 -1.5e-05
  neighbors: f259 f260 f261 f371 f373
- p636(v1): 3.4e-05 -8.4e-07 -1.4e-05
  neighbors: f261 f373 f375
- p419(v58): 8.9e-06 -6e-06 0.00013
  neighbors: f266 f267 f341 f347
- p117(v59): -5.9e-06 6.7e-06 0.00013
  neighbors: f270 f271 f272 f273
- p44(v60): -1.6e-05 3e-05 -1.5e-05
  neighbors: f274 f275 f276 f277
- p719(v61): -4.6e-06 3.3e-05 -1.7e-05
  neighbors: f281 f282 f351 f388 f397
- p974(v62): -3.4e-05 -4e-06 -1.6e-05
  neighbors: f283 f284 f285 f301 f359 f360
- p511(v0): -3.4e-05 -1.2e-06 -1.6e-05
  neighbors: f283 f285 f310 f369 f384 f385
- p693(v63): -3e-05 -1.6e-05 -1.3e-05
  neighbors: f288 f289 f361 f377 f379
- p943(v64): -5.1e-06 -8.7e-06 0.00013
  neighbors: f291 f292 f295 f296 f355 f357
- p311(v65): 9.5e-06 -3.2e-05 -1.7e-05
  neighbors: f298 f299 f393 f398
- p652(v66): -2.9e-05 -1.7e-05 -1.7e-05
  neighbors: f301 f360 f362 f365 f389
- p159(v67): -3.4e-05 5.4e-06 -1.1e-05
  neighbors: f308 f309 f310 f368 f384 f386
- p881(v68): -2.9e-05 1.8e-05 -1.5e-05
  neighbors: f312 f313 f314 f315
- p542(v70): -8.5e-06 6.5e-06 0.00013
  neighbors: f319 f320 f321 f322 f323
- p168(v71): 3.2e-05 -6.1e-06 -1.7e-05
  neighbors: f325 f326 f395 f399
- p991(v72): 3.2e-05 1.2e-05 -1.6e-05
  neighbors: f327 f328 f329 f330
- p819(v73): 4.2e-06 3.4e-05 -1.3e-05
  neighbors: f331 f332 f333 f334 f335
- p838(v74): 2.8e-05 1.8e-05 -1.7e-05
  neighbors: f337 f338 f339 f392 f400
- p837(v75): 1.1e-05 -1.9e-06 0.00013
  neighbors: f341 f343 f345 f346 f347 f348 f349 f372 f374
- p257(v76): -1.1e-05 3e-05 -1.7e-05
  neighbors: f350 f351 f353 f388 f401
- p138(v77): -2e-06 -1.1e-05 0.00013
  neighbors: f354 f355 f356 f357
- p689(v78): -3e-05 -5.4e-06 -1.7e-05
  neighbors: f359 f360 f387 f388 f389 f390 f391 f392 f393 f394 f395 f396 f397 f398 f399 f400 f401
- p580(v79): -2.7e-05 -2e-05 -1.6e-05
  neighbors: f361 f362 f365 f378 f379 f381 f383
- p94(v80): -3.3e-05 6.6e-06 -1.3e-05
  neighbors: f368 f369 f370 f385 f386
- p28(v81): 3.4e-05 -1.3e-06 -1.1e-05
  neighbors: f371 f372 f373 f374 f375 f376
- p69(v82): -2.9e-05 -1.8e-05 -1.4e-05
  neighbors: f377 f378 f379
- p184(v83): -2.7e-05 -2.1e-05 -1.6e-05
  neighbors: f380 f381 f382 f383
- p614(v84): -3.4e-05 4.2e-06 -1.3e-05
  neighbors: f384 f385 f386
- f99
    - flags: top simplicial
    - normal:   0.02791   0.3494   0.9366
    - offset: -0.0001282355
    - vertices: p489(v24) p351(v8) p646(v3)
    - neighboring facets: f348 f272 f234
- f104
    - flags: top simplicial
    - normal:   -0.4918   0.8552   0.1635
    - offset: -3.142699e-05
    - vertices: p489(v24) p379(v14) p724(v7)
    - neighboring facets: f128 f274 f270
- f116
    - flags: bottom simplicial tested
    - normal:    0.3791  -0.9171  -0.1234
    - offset: -3.515673e-05
    - center: 1.222012666666666e-05 -3.132433333333333e-05 -1.456433333333333e-05 
    - vertices: p929(v27) p510(v6) p284(v5)
    - neighboring facets: f253 f197 f298
- f122
    - flags: bottom simplicial
    - normal:   -0.5941  -0.7894   0.1546
    - offset: -3.137013e-05
    - center: -1.596626333333333e-05 -2.059570666666667e-05 3.638483333333333e-05 
    - vertices: p47(v28) p575(v15) p57(v9)
    - neighboring facets: f192 f211 f206
- f128
    - flags: bottom simplicial
    - normal:   -0.6971   0.6995   0.1577
    - offset: -3.096035e-05
    - center: -1.753285666666667e-05 1.915907e-05 3.3845e-05 
    - vertices: p877(v29) p379(v14) p724(v7)
    - neighboring facets: f104 f155 f322
- f140
    - flags: top simplicial
    - normal:    0.3546   0.9226   0.1519
    - offset: -3.060854e-05
    - center: 1.089317333333333e-05 2.303992e-05 3.614726666666667e-05 
    - vertices: p771(v32) p800(v20) p351(v8)
    - neighboring facets: f146 f235 f246
- f146
    - flags: bottom simplicial tested
    - normal:    0.6963   0.7011   0.1536
    - offset: -3.152747e-05
    - center: 1.738367e-05 1.971725333333333e-05 3.644803333333333e-05 
    - vertices: p627(v33) p800(v20) p351(v8)
    - neighboring facets: f140 f237 f247
- f151
    - flags: top simplicial tested
    - normal:   -0.7189   0.6372  -0.2777
    - offset: -3.687674e-05
    - center: -2.559983333333334e-05 2.201083333333334e-05 -1.601353333333333e-05 
    - vertices: p406(v34) p877(v29) p931(v18)
    - neighboring facets: f312 f153 f155
- f153
    - flags: top simplicial tested
    - normal:  -0.07035  0.05642  -0.9959
    - offset: -1.932793e-05
    - center: -2.666563333333333e-05 1.957056666666667e-05 -1.641466666666667e-05 
    - vertices: p406(v34) p931(v18) p328(v10)
    - neighboring facets: f218 f249 f151
- f155
    - flags: bottom simplicial tested
    - normal:   -0.6939   0.7087   0.1279
    - offset: -3.153016e-05
    - center: -2.24324e-05 2.51792e-05 -1.469196666666667e-05 
    - vertices: p406(v34) p877(v29) p724(v7)
    - neighboring facets: f128 f276 f151
- f161
    - flags: bottom simplicial
    - normal:    0.1274  -0.2738   0.9533
    - offset: -0.0001298148
    - vertices: p883(v36) p364(v23) p646(v3)
    - neighboring facets: f349 f296 f292
- f175
    - flags: bottom simplicial
    - normal:   -0.2689 -0.07385   0.9603
    - offset: -0.0001313289
    - vertices: p301(v39) p575(v15) p646(v3)
    - neighboring facets: f295 f273 f176
- f176
    - flags: bottom simplicial
    - normal:   -0.8202  -0.2975   0.4886
    - offset: -7.368753e-05
    - center: -8.678493333333346e-06 -4.447596666666671e-06 0.0001335386666666667 
    - vertices: p301(v39) p884(v25) p575(v15)
    - neighboring facets: f193 f175 f189
- f181
    - flags: bottom simplicial
    - normal:   -0.2527    0.955   0.1553
    - offset: -3.110258e-05
    - vertices: p115(v40) p489(v24) p204(v13)
    - neighboring facets: f335 f182 f275
- f182
    - flags: bottom simplicial
    - normal:   -0.1499   0.9885 -0.01938
    - offset: -3.359781e-05
    - center: -4.785616666666666e-06 3.29922e-05 -1.37919e-05 
    - vertices: p115(v40) p204(v13) p373(v2)
    - neighboring facets: f334 f282 f181
- f189
    - flags: top simplicial tested
    - normal:   -0.9477  -0.2764   0.1593
    - offset: -3.098129e-05
    - center: -1.701726333333333e-05 -5.612156666666665e-06 8.351826666666666e-05 
    - vertices: p539(v41) p301(v39) p884(v25)
    - neighboring facets: f176 f288 f284
- f192
    - flags: top simplicial
    - normal:   -0.7741  -0.6133    0.157
    - offset: -3.147895e-05
    - center: -1.988503e-05 -1.690584e-05 3.64199e-05 
    - vertices: p667(v42) p575(v15) p57(v9)
    - neighboring facets: f122 f380 f193
- f193
    - flags: top simplicial
    - normal:    -0.786  -0.5978   0.1577
    - offset: -3.152282e-05
    - vertices: p667(v42) p884(v25) p575(v15)
    - neighboring facets: f176 f192 f289
- f196
    - flags: top simplicial
    - normal:    0.2973  -0.9404   0.1654
    - offset: -3.155402e-05
    - vertices: p556(v43) p364(v23) p284(v5)
    - neighboring facets: f251 f197 f291
- f197
    - flags: bottom simplicial
    - normal:    0.1764  -0.9713   0.1597
    - offset: -3.104144e-05
    - vertices: p556(v43) p929(v27) p284(v5)
    - neighboring facets: f116 f196 f200
- f200
    - flags: top simplicial
    - normal:   0.03007  -0.9873   0.1559
    - offset: -3.059049e-05
    - center: 4.510823333333333e-07 -2.577886666666666e-05 3.28802e-05 
    - vertices: p556(v43) p929(v27) p769(v17)
    - neighboring facets: f204 f354 f197
- f204
    - flags: bottom simplicial tested
    - normal:  -0.08242   -0.788  -0.6102
    - offset: -3.525778e-05
    - center: 9.457099999999999e-07 -3.294376666666667e-05 -1.536803333333333e-05 
    - vertices: p247(v44) p929(v27) p769(v17)
    - neighboring facets: f200 f210 f299
- f205
    - flags: bottom simplicial
    - normal:   -0.3229  -0.9332   0.1579
    - offset: -3.112386e-05
    - vertices: p281(v45) p769(v17) p575(v15)
    - neighboring facets: f356 f206 f207
- f206
    - flags: top simplicial
    - normal:   -0.3542  -0.9218   0.1578
    - offset: -3.121995e-05
    - vertices: p281(v45) p47(v28) p575(v15)
    - neighboring facets: f122 f205 f207
- f207
    - flags: bottom simplicial
    - normal:   -0.3351  -0.9331   0.1306
    - offset: -3.158056e-05
    - center: -1.250996e-05 -3.108113333333334e-05 -1.2351e-05 
    - vertices: p281(v45) p47(v28) p769(v17)
    - neighboring facets: f208 f205 f206
- f208
    - flags: top simplicial tested
    - normal:   -0.3554  -0.8342  -0.4218
    - offset: -3.603288e-05
    - center: -1.480909333333333e-05 -2.963146666666667e-05 -1.4351e-05 
    - vertices: p603(v46) p47(v28) p769(v17)
    - neighboring facets: f207 f210 f211
- f210
    - flags: bottom simplicial tested seen
    - normal:     -0.16  -0.5949  -0.7877
    - offset: -3.178573e-05
    - center: -8.407616666666666e-06 -3.0501e-05 -1.560846666666667e-05 
    - vertices: p603(v46) p247(v44) p769(v17)
    - neighboring facets: f204 f208 f387
    - ridges:
- f211
    - flags: bottom simplicial tested
    - normal:   -0.6085  -0.7874 -0.09924
    - offset: -3.478694e-05
    - center: -2.063476666666667e-05 -2.649026666666667e-05 -1.38484e-05 
    - vertices: p603(v46) p47(v28) p57(v9)
    - neighboring facets: f122 f382 f208
- f218
    - flags: bottom simplicial
    - normal:    -0.863   0.2531  -0.4373
    - offset: -3.635483e-05
    - vertices: p779(v47) p931(v18) p328(v10)
    - neighboring facets: f153 f370 f314
- f222
    - flags: bottom simplicial
    - normal:   -0.9042   0.4247 -0.04579
    - offset: -3.443147e-05
    - vertices: p984(v48) p779(v47) p479(v30)
    - neighboring facets: f309 f320 f315
- f227
    - flags: top simplicial tested seen
    - normal:   0.03492 0.008523  -0.9994
    - offset: -1.767793e-05
    - center: 3.20232e-05 7.5139e-06 -1.65062e-05 
    - vertices: p339(v49) p82(v31) p553(v11)
    - neighboring facets: f327 f394 f326
    - ridges:
- f231
    - flags: bottom simplicial
    - normal:    0.9649   0.2072   0.1612
    - offset: -3.136375e-05
    - vertices: p522(v50) p698(v22) p968(v12)
    - neighboring facets: f343 f345 f241
- f234
    - flags: bottom simplicial
    - normal:    0.2337    0.943   0.2369
    - offset: -4.123806e-05
    - vertices: p517(v51) p489(v24) p351(v8)
    - neighboring facets: f99 f235 f331
- f235
    - flags: top simplicial
    - normal:    0.2918   0.9436   0.1565
    - offset: -3.093981e-05
    - vertices: p517(v51) p771(v32) p351(v8)
    - neighboring facets: f140 f234 f332
- f237
    - flags: bottom simplicial
    - normal:    0.7831   0.6027   0.1534
    - offset: -3.132003e-05
    - center: 2.054380333333333e-05 1.605772e-05 3.62085e-05 
    - vertices: p93(v52) p627(v33) p351(v8)
    - neighboring facets: f146 f239 f339
- f239
    - flags: top simplicial
    - normal:     0.866    0.474   0.1592
    - offset: -3.164123e-05
    - vertices: p93(v52) p698(v22) p351(v8)
    - neighboring facets: f346 f237 f241
- f241
    - flags: top simplicial
    - normal:    0.9331   0.3232   0.1576
    - offset: -3.122137e-05
    - vertices: p93(v52) p522(v50) p698(v22)
    - neighboring facets: f231 f239 f330
- f244
    - flags: bottom simplicial tested seen
    - normal:    0.2525   0.8016  -0.5419
    - offset: -3.620695e-05
    - center: 6.831513333333333e-06 3.19966e-05 -1.629996666666667e-05 
    - vertices: p600(v53) p180(v21) p373(v2)
    - neighboring facets: f281 f245 f391
    - ridges:
- f245
    - flags: top simplicial tested
    - normal:    0.2889   0.8838  -0.3681
    - offset: -3.629665e-05
    - center: 7.496199999999996e-06 3.217066666666666e-05 -1.548393333333333e-05 
    - vertices: p600(v53) p771(v32) p373(v2)
    - neighboring facets: f333 f244 f246
- f246
    - flags: bottom simplicial tested
    - normal:    0.3854   0.9227 -0.006746
    - offset: -3.299534e-05
    - center: 1.373647e-05 2.991963333333334e-05 -1.388763333333333e-05 
    - vertices: p600(v53) p771(v32) p800(v20)
    - neighboring facets: f140 f247 f245
- f247
    - flags: top simplicial tested
    - normal:    0.5811   0.7859  -0.2114
    - offset: -3.55285e-05
    - center: 2.022696666666666e-05 2.659696666666667e-05 -1.358686666666667e-05 
    - vertices: p600(v53) p627(v33) p800(v20)
    - neighboring facets: f146 f246 f337
- f249
    - flags: top simplicial tested seen
    - normal:  -0.02608  0.02798  -0.9993
    - offset: -1.767151e-05
    - center: -2.274983333333333e-05 2.204656666666667e-05 -1.647343333333333e-05 
    - vertices: p337(v54) p406(v34) p328(v10)
    - neighboring facets: f153 f396 f353
    - ridges:
- f251
    - flags: bottom simplicial
    - normal:    0.4565  -0.8751   0.1608
    - offset: -3.159293e-05
    - vertices: p318(v55) p364(v23) p284(v5)
    - neighboring facets: f196 f253 f252
- f252
    - flags: bottom simplicial
    - normal:    0.6319  -0.7593   0.1554
    - offset: -3.124165e-05
    - vertices: p318(v55) p23(v35) p364(v23)
    - neighboring facets: f266 f251 f254
- f253
    - flags: top simplicial
    - normal:     0.431  -0.8991 -0.07645
    - offset: -3.472245e-05
    - vertices: p318(v55) p510(v6) p284(v5)
    - neighboring facets: f116 f251 f254
- f254
    - flags: top simplicial
    - normal:    0.6587  -0.7473 -0.08737
    - offset: -3.426867e-05
    - center: 2.011076666666667e-05 -2.660433333333333e-05 -1.304623333333333e-05 
    - vertices: p318(v55) p23(v35) p510(v6)
    - neighboring facets: f256 f253 f252
- f255
    - flags: top simplicial tested seen
    - normal:    0.6741  -0.7233  -0.1499
    - offset: -3.485595e-05
    - center: 2.46942e-05 -2.187163333333333e-05 -1.594943333333333e-05 
    - vertices: p85(v56) p218(v19) p510(v6)
    - neighboring facets: f390 f256 f257
    - ridges:
- f256
    - flags: bottom simplicial tested
    - normal:    0.6742  -0.7243  -0.1444
    - offset: -3.479653e-05
    - center: 2.391253333333333e-05 -2.299853333333333e-05 -1.396966666666667e-05 
    - vertices: p85(v56) p23(v35) p510(v6)
    - neighboring facets: f254 f255 f258
- f257
    - flags: top simplicial tested
    - normal:    0.8914  -0.4513  0.04275
    - offset: -3.312257e-05
    - center: 2.983980000000001e-05 -1.582656666666667e-05 -1.444573333333333e-05 
    - vertices: p85(v56) p56(v37) p218(v19)
    - neighboring facets: f260 f255 f258
- f258
    - flags: bottom simplicial tested
    - normal:    0.8786  -0.4668   0.1011
    - offset: -3.218239e-05
    - center: 2.905813333333334e-05 -1.695346666666667e-05 -1.246596666666667e-05 
    - vertices: p85(v56) p56(v37) p23(v35)
    - neighboring facets: f267 f256 f257
- f259
    - flags: top simplicial
    - normal:    0.8348  -0.1998   -0.513
    - offset: -3.619135e-05
    - center: 3.22335e-05 -5.80202e-06 -1.58348e-05 
    - vertices: p396(v57) p82(v31) p218(v19)
    - neighboring facets: f325 f260 f261
- f260
    - flags: bottom simplicial
    - normal:     0.928  -0.2618  -0.2652
    - offset: -3.589678e-05
    - vertices: p396(v57) p56(v37) p218(v19)
    - neighboring facets: f257 f259 f371
- f261
    - flags: bottom simplicial
    - normal:    0.9983 -0.01644 -0.05661
    - offset: -3.469364e-05
    - vertices: p396(v57) p82(v31) p636(v1)
    - neighboring facets: f375 f373 f259
- f266
    - flags: top simplicial
    - normal:    0.7719  -0.6151   0.1609
    - offset: -3.185324e-05
    - vertices: p419(v58) p23(v35) p364(v23)
    - neighboring facets: f252 f347 f267
- f267
    - flags: top simplicial
    - normal:    0.8754  -0.4572   0.1569
    - offset: -3.130502e-05
    - vertices: p419(v58) p56(v37) p23(v35)
    - neighboring facets: f258 f266 f341
- f270
    - flags: bottom simplicial
    - normal:   -0.5534   0.7644   0.3308
    - offset: -5.278926e-05
    - vertices: p117(v59) p489(v24) p379(v14)
    - neighboring facets: f104 f271 f272
- f271
    - flags: top simplicial
    - normal:   -0.7045   0.6225   0.3409
    - offset: -5.408356e-05
    - vertices: p117(v59) p301(v39) p379(v14)
    - neighboring facets: f321 f270 f273
- f272
    - flags: top simplicial
    - normal:  -0.02729   0.3478   0.9372
    - offset: -0.000128364
    - vertices: p117(v59) p489(v24) p646(v3)
    - neighboring facets: f99 f273 f270
- f273
    - flags: bottom simplicial
    - normal:   -0.2548   0.1549   0.9545
    - offset: -0.0001307488
    - vertices: p117(v59) p301(v39) p646(v3)
    - neighboring facets: f175 f272 f271
- f274
    - flags: top simplicial
    - normal:   -0.4067   0.8997   0.1586
    - offset: -3.114233e-05
    - vertices: p44(v60) p489(v24) p724(v7)
    - neighboring facets: f104 f276 f275
- f275
    - flags: top simplicial
    - normal:   -0.3927    0.906   0.1581
    - offset: -3.11208e-05
    - vertices: p44(v60) p115(v40) p489(v24)
    - neighboring facets: f181 f274 f277
- f276
    - flags: bottom simplicial
    - normal:   -0.5437   0.8366 -0.06756
    - offset: -3.473691e-05
    - vertices: p44(v60) p406(v34) p724(v7)
    - neighboring facets: f155 f274 f277
- f277
    - flags: bottom simplicial
    - normal:   -0.3466   0.7319  -0.5867
    - offset: -3.619275e-05
    - center: -1.64275e-05 2.93252e-05 -1.54019e-05 
    - vertices: p44(v60) p115(v40) p406(v34)
    - neighboring facets: f350 f276 f275
- f281
    - flags: top simplicial tested seen
    - normal:  -0.02912   0.5839  -0.8113
    - offset: -3.263238e-05
    - center: -1.941333333333361e-08 3.323803333333333e-05 -1.629996666666667e-05 
    - vertices: p719(v61) p180(v21) p373(v2)
    - neighboring facets: f244 f282 f397
    - ridges:
- f282
    - flags: bottom simplicial tested
    - normal:     -0.16   0.9549  -0.2502
    - offset: -3.610202e-05
    - center: -4.861696666666666e-06 3.285543333333334e-05 -1.57919e-05 
    - vertices: p719(v61) p115(v40) p373(v2)
    - neighboring facets: f182 f281 f351
- f283
    - flags: bottom simplicial tested
    - normal:   -0.9836 -0.09164   0.1554
    - offset: -3.112588e-05
    - center: -2.613786666666667e-05 -1.237790000000001e-06 3.412776666666666e-05 
    - vertices: p974(v62) p301(v39) p511(v0)
    - neighboring facets: f310 f285 f284
- f284
    - flags: bottom simplicial tested
    - normal:   -0.9604    -0.23    0.157
    - offset: -3.087851e-05
    - center: -2.544986666666667e-05 -4.753803333333335e-06 3.403213333333334e-05 
    - vertices: p974(v62) p539(v41) p301(v39)
    - neighboring facets: f189 f283 f301
- f285
    - flags: top simplicial tested
    - normal:   -0.4345  0.06977   -0.898
    - offset: -2.869045e-05
    - center: -3.247293333333333e-05 2.936303333333334e-06 -1.600913333333334e-05 
    - vertices: p974(v62) p328(v10) p511(v0)
    - neighboring facets: f369 f283 f359
- f288
    - flags: top simplicial
    - normal:   -0.9391  -0.3048   0.1589
    - offset: -3.104373e-05
    - center: -2.353683000000001e-05 -1.135433e-05 3.4492e-05 
    - vertices: p693(v63) p539(v41) p884(v25)
    - neighboring facets: f189 f289 f361
- f289
    - flags: bottom simplicial
    - normal:   -0.8666  -0.4731   0.1586
    - offset: -3.150281e-05
    - center: -2.240879666666667e-05 -1.361673e-05 3.55717e-05 
    - vertices: p693(v63) p667(v42) p884(v25)
    - neighboring facets: f193 f288 f377
- f291
    - flags: bottom simplicial
    - normal:    0.1033  -0.9073   0.4075
    - offset: -6.206782e-05
    - vertices: p943(v64) p556(v43) p364(v23)
    - neighboring facets: f196 f292 f355
- f292
    - flags: top simplicial
    - normal:    0.1247  -0.2859   0.9501
    - offset: -0.0001294667
    - vertices: p943(v64) p883(v36) p364(v23)
    - neighboring facets: f161 f291 f296
- f295
    - flags: top simplicial
    - normal:   -0.1186  -0.1761   0.9772
    - offset: -0.0001333957
    - vertices: p943(v64) p575(v15) p646(v3)
    - neighboring facets: f175 f296 f357
- f296
    - flags: bottom simplicial
    - normal:    0.1198  -0.2747    0.954
    - offset: -0.0001299209
    - vertices: p943(v64) p883(v36) p646(v3)
    - neighboring facets: f161 f295 f292
- f298
    - flags: top simplicial tested seen
    - normal:    0.3718  -0.9102  -0.1823
    - offset: -3.580823e-05
    - center: 1.109536e-05 -3.154690000000001e-05 -1.627726666666666e-05 
    - vertices: p311(v65) p929(v27) p510(v6)
    - neighboring facets: f116 f398 f299
    - ridges:
- f299
    - flags: top simplicial tested seen
    - normal:  0.003137  -0.5555  -0.8315
    - offset: -3.163386e-05
    - center: 6.33597e-06 -3.254450000000001e-05 -1.627726666666667e-05 
    - vertices: p311(v65) p247(v44) p929(v27)
    - neighboring facets: f204 f298 f393
    - ridges:
- f301
    - flags: top simplicial tested
    - normal:   -0.2912 -0.07471  -0.9537
    - offset: -2.532107e-05
    - center: -3.142356666666667e-05 -1.084911e-05 -1.610476666666667e-05 
    - vertices: p652(v66) p974(v62) p539(v41)
    - neighboring facets: f284 f362 f360
- f308
    - flags: bottom simplicial
    - normal:   -0.9491   0.2726   0.1578
    - offset: -3.163109e-05
    - vertices: p159(v67) p301(v39) p479(v30)
    - neighboring facets: f319 f309 f310
- f309
    - flags: top simplicial
    - normal:    -0.959   0.2758  0.06605
    - offset: -3.297169e-05
    - vertices: p159(v67) p779(v47) p479(v30)
    - neighboring facets: f222 f308 f368
- f310
    - flags: top simplicial
    - normal:   -0.9866  -0.0502   0.1551
    - offset: -3.118372e-05
    - vertices: p159(v67) p301(v39) p511(v0)
    - neighboring facets: f283 f384 f308
- f312
    - flags: bottom simplicial
    - normal:   -0.8119   0.5831  0.03068
    - offset: -3.345417e-05
    - vertices: p881(v68) p877(v29) p931(v18)
    - neighboring facets: f151 f314 f313
- f313
    - flags: bottom simplicial
    - normal:   -0.8099   0.5843  0.05143
    - offset: -3.311159e-05
    - vertices: p881(v68) p984(v48) p877(v29)
    - neighboring facets: f323 f312 f315
- f314
    - flags: top simplicial
    - normal:   -0.9033   0.4213 -0.08114
    - offset: -3.483545e-05
    - vertices: p881(v68) p779(v47) p931(v18)
    - neighboring facets: f218 f312 f315
- f315
    - flags: top simplicial
    - normal:   -0.9032   0.4222 -0.07712
    - offset: -3.478993e-05
    - vertices: p881(v68) p984(v48) p779(v47)
    - neighboring facets: f222 f314 f313
- f319
    - flags: top simplicial
    - normal:   -0.8397   0.5184    0.162
    - offset: -3.140567e-05
    - vertices: p542(v70) p301(v39) p479(v30)
    - neighboring facets: f308 f320 f321
- f320
    - flags: bottom simplicial
    - normal:   -0.8303   0.5336   0.1612
    - offset: -3.132039e-05
    - vertices: p542(v70) p984(v48) p479(v30)
    - neighboring facets: f222 f319 f323
- f321
    - flags: bottom simplicial
    - normal:   -0.7448    0.603    0.286
    - offset: -4.712735e-05
    - vertices: p542(v70) p301(v39) p379(v14)
    - neighboring facets: f271 f322 f319
- f322
    - flags: top simplicial
    - normal:   -0.7508   0.6411   0.1594
    - offset: -3.110772e-05
    - vertices: p542(v70) p877(v29) p379(v14)
    - neighboring facets: f128 f321 f323
- f323
    - flags: top simplicial
    - normal:   -0.7794   0.6059   0.1593
    - offset: -3.111537e-05
    - vertices: p542(v70) p984(v48) p877(v29)
    - neighboring facets: f313 f322 f320
- f325
    - flags: bottom simplicial tested seen
    - normal:    0.0877 -0.01941   -0.996
    - offset: -1.933467e-05
    - center: 3.14488e-05 -7.060603333333333e-06 -1.65062e-05 
    - vertices: p168(v71) p82(v31) p218(v19)
    - neighboring facets: f259 f399 f326
    - ridges:
- f326
    - flags: bottom simplicial tested seen
    - normal:   0.03219 -0.004616  -0.9995
    - offset: -1.755208e-05
    - center: 3.27421e-05 -1.667033333333333e-07 -1.65062e-05 
    - vertices: p168(v71) p339(v49) p82(v31)
    - neighboring facets: f227 f325 f395
    - ridges:
- f327
    - flags: bottom simplicial
    - normal:       0.5   0.1545  -0.8521
    - offset: -3.139058e-05
    - vertices: p991(v72) p82(v31) p553(v11)
    - neighboring facets: f227 f329 f328
- f328
    - flags: bottom simplicial
    - normal:    0.9748   0.2223  0.01849
    - offset: -3.329897e-05
    - vertices: p991(v72) p522(v50) p82(v31)
    - neighboring facets: f376 f327 f330
- f329
    - flags: top simplicial
    - normal:    0.8999   0.4359 -0.01462
    - offset: -3.40857e-05
    - center: 3.029446666666667e-05 1.516023333333333e-05 -1.4781e-05 
    - vertices: p991(v72) p93(v52) p553(v11)
    - neighboring facets: f338 f327 f330
- f330
    - flags: bottom simplicial
    - normal:    0.9413    0.319   0.1106
    - offset: -3.195169e-05
    - vertices: p991(v72) p93(v52) p522(v50)
    - neighboring facets: f241 f328 f329
- f331
    - flags: top simplicial
    - normal:    0.2284   0.9604   0.1597
    - offset: -3.117174e-05
    - vertices: p819(v73) p517(v51) p489(v24)
    - neighboring facets: f234 f335 f332
- f332
    - flags: bottom simplicial
    - normal:    0.2608   0.9524   0.1581
    - offset: -3.106005e-05
    - vertices: p819(v73) p517(v51) p771(v32)
    - neighboring facets: f235 f333 f331
- f333
    - flags: bottom simplicial
    - normal:    0.1086   0.9939 -0.01977
    - offset: -3.421042e-05
    - vertices: p819(v73) p771(v32) p373(v2)
    - neighboring facets: f245 f334 f332
- f334
    - flags: top simplicial
    - normal:  -0.02497   0.9922    0.122
    - offset: -3.168465e-05
    - vertices: p819(v73) p204(v13) p373(v2)
    - neighboring facets: f182 f333 f335
- f335
    - flags: top simplicial
    - normal:  -0.01341   0.9878   0.1551
    - offset: -3.114023e-05
    - vertices: p819(v73) p489(v24) p204(v13)
    - neighboring facets: f181 f334 f331
- f337
    - flags: bottom simplicial tested seen
    - normal:    0.5976   0.7044   -0.383
    - offset: -3.626426e-05
    - center: 2.28715e-05 2.370473333333333e-05 -1.54009e-05 
    - vertices: p838(v74) p600(v53) p627(v33)
    - neighboring facets: f247 f339 f392
    - ridges:
- f338
    - flags: bottom simplicial tested seen
    - normal:    0.8118   0.5837  0.01862
    - offset: -3.345751e-05
    - center: 2.917353333333333e-05 1.722446666666667e-05 -1.49432e-05 
    - vertices: p838(v74) p93(v52) p553(v11)
    - neighboring facets: f329 f400 f339
    - ridges:
- f339
    - flags: top simplicial tested
    - normal:    0.8037   0.5944  0.02646
    - offset: -3.329896e-05
    - center: 2.750706666666667e-05 1.944216666666666e-05 -1.38264e-05 
    - vertices: p838(v74) p93(v52) p627(v33)
    - neighboring facets: f237 f337 f338
- f341
    - flags: bottom simplicial
    - normal:    0.8972   -0.412   0.1588
    - offset: -3.148195e-05
    - vertices: p837(v75) p419(v58) p56(v37)
    - neighboring facets: f267 f372 f347
- f343
    - flags: top simplicial
    - normal:    0.9649   0.2014   0.1686
    - offset: -3.231147e-05
    - vertices: p837(v75) p698(v22) p968(v12)
    - neighboring facets: f231 f345 f346
- f345
    - flags: bottom simplicial
    - normal:    0.9682   0.1914    0.161
    - offset: -3.13557e-05
    - vertices: p837(v75) p522(v50) p968(v12)
    - neighboring facets: f231 f343 f374
- f346
    - flags: bottom simplicial
    - normal:    0.7579   0.2372   0.6078
    - offset: -8.878086e-05
    - vertices: p837(v75) p698(v22) p351(v8)
    - neighboring facets: f239 f348 f343
- f347
    - flags: top simplicial
    - normal:    0.6989  -0.4522   0.5541
    - offset: -8.231915e-05
    - vertices: p837(v75) p419(v58) p364(v23)
    - neighboring facets: f266 f349 f341
- f348
    - flags: bottom simplicial
    - normal:    0.2649  0.09113     0.96
    - offset: -0.0001309601
    - vertices: p837(v75) p351(v8) p646(v3)
    - neighboring facets: f99 f349 f346
- f349
    - flags: top simplicial
    - normal:    0.1839  -0.2232   0.9573
    - offset: -0.0001303549
    - vertices: p837(v75) p364(v23) p646(v3)
    - neighboring facets: f161 f348 f347
- f350
    - flags: top simplicial tested
    - normal:   -0.2689   0.6306   -0.728
    - offset: -3.417571e-05
    - center: -1.495796666666667e-05 2.93844e-05 -1.596536666666666e-05 
    - vertices: p257(v76) p115(v40) p406(v34)
    - neighboring facets: f277 f353 f351
- f351
    - flags: top simplicial tested seen
    - normal:   -0.2303   0.6422  -0.7311
    - offset: -3.414458e-05
    - center: -9.157693333333333e-06 3.16564e-05 -1.600963333333333e-05 
    - vertices: p257(v76) p719(v61) p115(v40)
    - neighboring facets: f282 f350 f388
    - ridges:
- f353
    - flags: bottom simplicial tested seen
    - normal:  -0.02643  0.03426  -0.9991
    - offset: -1.783855e-05
    - center: -1.661946666666667e-05 2.74742e-05 -1.647343333333333e-05 
    - vertices: p257(v76) p337(v54) p406(v34)
    - neighboring facets: f249 f350 f401
    - ridges:
- f354
    - flags: top simplicial
    - normal:  -0.03747  -0.9865   0.1594
    - offset: -3.096839e-05
    - vertices: p138(v77) p556(v43) p769(v17)
    - neighboring facets: f200 f356 f355
- f355
    - flags: top simplicial
    - normal:  -0.02652  -0.9551   0.2951
    - offset: -4.804092e-05
    - vertices: p138(v77) p943(v64) p556(v43)
    - neighboring facets: f291 f354 f357
- f356
    - flags: top simplicial
    - normal:   -0.2612  -0.9517   0.1612
    - offset: -3.128462e-05
    - vertices: p138(v77) p769(v17) p575(v15)
    - neighboring facets: f205 f357 f354
- f357
    - flags: bottom simplicial
    - normal:   -0.2327  -0.9545   0.1866
    - offset: -3.452235e-05
    - vertices: p138(v77) p943(v64) p575(v15)
    - neighboring facets: f295 f356 f355
- f359
    - flags: bottom simplicial tested seen
    - normal:   -0.1744 0.007296  -0.9846
    - offset: -2.153658e-05
    - center: -3.12913e-05 1.526113333333333e-06 -1.63176e-05 
    - vertices: p689(v78) p974(v62) p328(v10)
    - neighboring facets: f285 f396 f360
    - ridges:
- f360
    - flags: bottom simplicial tested seen
    - normal:     -0.19 -0.03182  -0.9813
    - offset: -2.216798e-05
    - center: -3.092993333333333e-05 -8.743286666666668e-06 -1.63176e-05 
    - vertices: p689(v78) p652(v66) p974(v62)
    - neighboring facets: f301 f359 f389
    - ridges:
- f361
    - flags: bottom simplicial tested
    - normal:   -0.8736  -0.4699  -0.1262
    - offset: -3.542017e-05
    - center: -2.98422e-05 -1.587466666666667e-05 -1.496516666666667e-05 
    - vertices: p580(v79) p693(v63) p539(v41)
    - neighboring facets: f288 f362 f379
- f362
    - flags: top simplicial tested
    - normal:   -0.6536  -0.3549  -0.6685
    - offset: -3.565274e-05
    - center: -2.929633333333333e-05 -1.62278e-05 -1.60758e-05 
    - vertices: p580(v79) p652(v66) p539(v41)
    - neighboring facets: f301 f361 f365
- f365
    - flags: bottom simplicial tested seen
    - normal:   -0.3591  -0.2989  -0.8841
    - offset: -2.986907e-05
    - center: -2.562606666666667e-05 -2.09578e-05 -1.628863333333333e-05 
    - vertices: p580(v79) p652(v66) p603(v46)
    - neighboring facets: f389 f383 f362
    - ridges:
- f368
    - flags: bottom simplicial
    - normal:    -0.962   0.2688  0.04707
    - offset: -3.324333e-05
    - vertices: p94(v80) p159(v67) p779(v47)
    - neighboring facets: f309 f370 f386
- f369
    - flags: bottom simplicial
    - normal:   -0.8493   0.2136  -0.4828
    - offset: -3.61463e-05
    - vertices: p94(v80) p328(v10) p511(v0)
    - neighboring facets: f285 f385 f370
- f370
    - flags: bottom simplicial
    - normal:   -0.8612   0.2331  -0.4517
    - offset: -3.625899e-05
    - vertices: p94(v80) p779(v47) p328(v10)
    - neighboring facets: f218 f369 f368
- f371
    - flags: top simplicial
    - normal:    0.9817  -0.1871  0.03575
    - offset: -3.318196e-05
    - vertices: p28(v81) p396(v57) p56(v37)
    - neighboring facets: f260 f372 f373
- f372
    - flags: bottom simplicial
    - normal:    0.9676  -0.1988   0.1559
    - offset: -3.141508e-05
    - vertices: p28(v81) p837(v75) p56(v37)
    - neighboring facets: f341 f371 f374
- f373
    - flags: bottom simplicial
    - normal:    0.9989 -0.04761 -0.001001
    - offset: -3.397876e-05
    - vertices: p28(v81) p396(v57) p636(v1)
    - neighboring facets: f261 f375 f371
- f374
    - flags: top simplicial
    - normal:    0.9778   0.1366    0.159
    - offset: -3.12847e-05
    - vertices: p28(v81) p837(v75) p522(v50)
    - neighboring facets: f345 f376 f372
- f375
    - flags: top simplicial
    - normal:    0.9991  0.03968  0.01395
    - offset: -3.370935e-05
    - vertices: p28(v81) p82(v31) p636(v1)
    - neighboring facets: f261 f373 f376
- f376
    - flags: top simplicial
    - normal:    0.9864   0.1406  0.08564
    - offset: -3.236521e-05
    - vertices: p28(v81) p522(v50) p82(v31)
    - neighboring facets: f328 f375 f374
- f377
    - flags: top simplicial
    - normal:   -0.8664  -0.4987  0.02554
    - offset: -3.365232e-05
    - vertices: p69(v82) p693(v63) p667(v42)
    - neighboring facets: f289 f378 f379
- f378
    - flags: bottom simplicial
    - normal:   -0.8373  -0.5465 -0.01839
    - offset: -3.426148e-05
    - vertices: p69(v82) p580(v79) p667(v42)
    - neighboring facets: f381 f377 f379
- f379
    - flags: top simplicial
    - normal:   -0.8718  -0.4768  -0.1127
    - offset: -3.529329e-05
    - vertices: p69(v82) p580(v79) p693(v63)
    - neighboring facets: f361 f377 f378
- f380
    - flags: top simplicial
    - normal:   -0.7793  -0.6239  0.05938
    - offset: -3.305642e-05
    - vertices: p184(v83) p667(v42) p57(v9)
    - neighboring facets: f192 f382 f381
- f381
    - flags: top simplicial
    - normal:   -0.8014  -0.5978  0.02108
    - offset: -3.368832e-05
    - vertices: p184(v83) p580(v79) p667(v42)
    - neighboring facets: f378 f380 f383
- f382
    - flags: bottom simplicial
    - normal:   -0.6481  -0.7468  -0.1489
    - offset: -3.538587e-05
    - vertices: p184(v83) p603(v46) p57(v9)
    - neighboring facets: f211 f380 f383
- f383
    - flags: bottom simplicial
    - normal:   -0.6078  -0.6263  -0.4882
    - offset: -3.702133e-05
    - vertices: p184(v83) p580(v79) p603(v46)
    - neighboring facets: f365 f382 f381
- f384
    - flags: top simplicial
    - normal:   -0.9972 0.009213  0.07416
    - offset: -3.273497e-05
    - vertices: p614(v84) p159(v67) p511(v0)
    - neighboring facets: f310 f385 f386
- f385
    - flags: bottom simplicial
    - normal:   -0.9677   0.1412  -0.2087
    - offset: -3.598589e-05
    - vertices: p614(v84) p94(v80) p511(v0)
    - neighboring facets: f369 f384 f386
- f386
    - flags: top simplicial
    - normal:   -0.9866   0.1628 -0.007526
    - offset: -3.409008e-05
    - vertices: p614(v84) p94(v80) p159(v67)
    - neighboring facets: f368 f384 f385
- f387
    - flags: top simplicial tricoplanar keepcentrum
    - owner of normal & centrum is facet f387
    - normal:         0        0       -1
    - offset: -1.65177e-05
    - center: 4.222331111111111e-06 -6.361166666666666e-06 -1.65177e-05 
    - vertices: p689(v78) p603(v46) p247(v44)
    - neighboring facets: f210 f393 f389
- f388
    - flags: bottom simplicial tricoplanar
    - owner of normal & centrum is facet f387
    - normal:         0        0       -1
    - offset: -1.65177e-05
    - center: 4.222331111111111e-06 -6.361166666666666e-06 -1.65177e-05 
    - vertices: p689(v78) p257(v76) p719(v61)
    - neighboring facets: f351 f397 f401
- f389
    - flags: top simplicial tricoplanar
    - owner of normal & centrum is facet f387
    - normal:         0        0       -1
    - offset: -1.65177e-05
    - center: 4.222331111111111e-06 -6.361166666666666e-06 -1.65177e-05 
    - vertices: p689(v78) p652(v66) p603(v46)
    - neighboring facets: f365 f387 f360
- f390
    - flags: bottom simplicial tricoplanar
    - owner of normal & centrum is facet f387
    - normal:         0        0       -1
    - offset: -1.65177e-05
    - center: 4.222331111111111e-06 -6.361166666666666e-06 -1.65177e-05 
    - vertices: p689(v78) p218(v19) p510(v6)
    - neighboring facets: f255 f398 f399
- f391
    - flags: top simplicial tricoplanar
    - owner of normal & centrum is facet f387
    - normal:         0        0       -1
    - offset: -1.65177e-05
    - center: 4.222331111111111e-06 -6.361166666666666e-06 -1.65177e-05 
    - vertices: p689(v78) p600(v53) p180(v21)
    - neighboring facets: f244 f397 f392
- f392
    - flags: top simplicial tricoplanar
    - owner of normal & centrum is facet f387
    - normal:         0        0       -1
    - offset: -1.65177e-05
    - center: 4.222331111111111e-06 -6.361166666666666e-06 -1.65177e-05 
    - vertices: p689(v78) p838(v74) p600(v53)
    - neighboring facets: f337 f391 f400
- f393
    - flags: bottom simplicial tricoplanar
    - owner of normal & centrum is facet f387
    - normal:         0        0       -1
    - offset: -1.65177e-05
    - center: 4.222331111111111e-06 -6.361166666666666e-06 -1.65177e-05 
    - vertices: p689(v78) p311(v65) p247(v44)
    - neighboring facets: f299 f387 f398
- f394
    - flags: top simplicial tricoplanar
    - owner of normal & centrum is facet f387
    - normal:         0        0       -1
    - offset: -1.65177e-05
    - center: 4.222331111111111e-06 -6.361166666666666e-06 -1.65177e-05 
    - vertices: p689(v78) p339(v49) p553(v11)
    - neighboring facets: f227 f400 f395
- f395
    - flags: top simplicial tricoplanar
    - owner of normal & centrum is facet f387
    - normal:         0        0       -1
    - offset: -1.65177e-05
    - center: 4.222331111111111e-06 -6.361166666666666e-06 -1.65177e-05 
    - vertices: p689(v78) p168(v71) p339(v49)
    - neighboring facets: f326 f394 f399
- f396
    - flags: top simplicial tricoplanar
    - owner of normal & centrum is facet f387
    - normal:         0        0       -1
    - offset: -1.65177e-05
    - center: 4.222331111111111e-06 -6.361166666666666e-06 -1.65177e-05 
    - vertices: p689(v78) p337(v54) p328(v10)
    - neighboring facets: f249 f359 f401
- f397
    - flags: bottom simplicial tricoplanar
    - owner of normal & centrum is facet f387
    - normal:         0        0       -1
    - offset: -1.65177e-05
    - center: 4.222331111111111e-06 -6.361166666666666e-06 -1.65177e-05 
    - vertices: p689(v78) p719(v61) p180(v21)
    - neighboring facets: f281 f391 f388
- f398
    - flags: top simplicial tricoplanar
    - owner of normal & centrum is facet f387
    - normal:         0        0       -1
    - offset: -1.65177e-05
    - center: 4.222331111111111e-06 -6.361166666666666e-06 -1.65177e-05 
    - vertices: p689(v78) p311(v65) p510(v6)
    - neighboring facets: f298 f390 f393
- f399
    - flags: bottom simplicial tricoplanar
    - owner of normal & centrum is facet f387
    - normal:         0        0       -1
    - offset: -1.65177e-05
    - center: 4.222331111111111e-06 -6.361166666666666e-06 -1.65177e-05 
    - vertices: p689(v78) p168(v71) p218(v19)
    - neighboring facets: f325 f390 f395
- f400
    - flags: bottom simplicial tricoplanar
    - owner of normal & centrum is facet f387
    - normal:         0        0       -1
    - offset: -1.65177e-05
    - center: 4.222331111111111e-06 -6.361166666666666e-06 -1.65177e-05 
    - vertices: p689(v78) p838(v74) p553(v11)
    - neighboring facets: f338 f394 f392
- f401
    - flags: top simplicial tricoplanar
    - owner of normal & centrum is facet f387
    - normal:         0        0       -1
    - offset: -1.65177e-05
    - center: 4.222331111111111e-06 -6.361166666666666e-06 -1.65177e-05 
    - vertices: p689(v78) p257(v76) p337(v54)
    - neighboring facets: f353 f396 f388
